V1	V(vo)	I(D1)
-1.200000000000000e+03	-1.000157e+03	-1.998430e-01
-1.199000000000000e+03	-1.000157e+03	-1.988432e-01
-1.198000000000000e+03	-1.000157e+03	-1.978435e-01
-1.197000000000000e+03	-1.000156e+03	-1.968437e-01
-1.196000000000000e+03	-1.000156e+03	-1.958439e-01
-1.195000000000000e+03	-1.000156e+03	-1.948442e-01
-1.194000000000000e+03	-1.000156e+03	-1.938444e-01
-1.193000000000000e+03	-1.000155e+03	-1.928446e-01
-1.192000000000000e+03	-1.000155e+03	-1.918449e-01
-1.191000000000000e+03	-1.000155e+03	-1.908451e-01
-1.190000000000000e+03	-1.000155e+03	-1.898453e-01
-1.189000000000000e+03	-1.000154e+03	-1.888456e-01
-1.188000000000000e+03	-1.000154e+03	-1.878458e-01
-1.187000000000000e+03	-1.000154e+03	-1.868460e-01
-1.186000000000000e+03	-1.000154e+03	-1.858463e-01
-1.185000000000000e+03	-1.000154e+03	-1.848465e-01
-1.184000000000000e+03	-1.000153e+03	-1.838468e-01
-1.183000000000000e+03	-1.000153e+03	-1.828470e-01
-1.182000000000000e+03	-1.000153e+03	-1.818472e-01
-1.181000000000000e+03	-1.000153e+03	-1.808475e-01
-1.180000000000000e+03	-1.000152e+03	-1.798477e-01
-1.179000000000000e+03	-1.000152e+03	-1.788480e-01
-1.178000000000000e+03	-1.000152e+03	-1.778482e-01
-1.177000000000000e+03	-1.000152e+03	-1.768485e-01
-1.176000000000000e+03	-1.000151e+03	-1.758487e-01
-1.175000000000000e+03	-1.000151e+03	-1.748489e-01
-1.174000000000000e+03	-1.000151e+03	-1.738492e-01
-1.173000000000000e+03	-1.000151e+03	-1.728494e-01
-1.172000000000000e+03	-1.000150e+03	-1.718497e-01
-1.171000000000000e+03	-1.000150e+03	-1.708499e-01
-1.170000000000000e+03	-1.000150e+03	-1.698502e-01
-1.169000000000000e+03	-1.000150e+03	-1.688505e-01
-1.168000000000000e+03	-1.000149e+03	-1.678507e-01
-1.167000000000000e+03	-1.000149e+03	-1.668510e-01
-1.166000000000000e+03	-1.000149e+03	-1.658512e-01
-1.165000000000000e+03	-1.000148e+03	-1.648515e-01
-1.164000000000000e+03	-1.000148e+03	-1.638517e-01
-1.163000000000000e+03	-1.000148e+03	-1.628520e-01
-1.162000000000000e+03	-1.000148e+03	-1.618522e-01
-1.161000000000000e+03	-1.000148e+03	-1.608525e-01
-1.160000000000000e+03	-1.000147e+03	-1.598528e-01
-1.159000000000000e+03	-1.000147e+03	-1.588530e-01
-1.158000000000000e+03	-1.000147e+03	-1.578533e-01
-1.157000000000000e+03	-1.000146e+03	-1.568536e-01
-1.156000000000000e+03	-1.000146e+03	-1.558538e-01
-1.155000000000000e+03	-1.000146e+03	-1.548541e-01
-1.154000000000000e+03	-1.000146e+03	-1.538544e-01
-1.153000000000000e+03	-1.000145e+03	-1.528546e-01
-1.152000000000000e+03	-1.000145e+03	-1.518549e-01
-1.151000000000000e+03	-1.000145e+03	-1.508552e-01
-1.150000000000000e+03	-1.000145e+03	-1.498554e-01
-1.149000000000000e+03	-1.000144e+03	-1.488557e-01
-1.148000000000000e+03	-1.000144e+03	-1.478560e-01
-1.147000000000000e+03	-1.000144e+03	-1.468563e-01
-1.146000000000000e+03	-1.000143e+03	-1.458565e-01
-1.145000000000000e+03	-1.000143e+03	-1.448568e-01
-1.144000000000000e+03	-1.000143e+03	-1.438571e-01
-1.143000000000000e+03	-1.000143e+03	-1.428574e-01
-1.142000000000000e+03	-1.000142e+03	-1.418577e-01
-1.141000000000000e+03	-1.000142e+03	-1.408579e-01
-1.140000000000000e+03	-1.000142e+03	-1.398582e-01
-1.139000000000000e+03	-1.000141e+03	-1.388585e-01
-1.138000000000000e+03	-1.000141e+03	-1.378588e-01
-1.137000000000000e+03	-1.000141e+03	-1.368591e-01
-1.136000000000000e+03	-1.000141e+03	-1.358594e-01
-1.135000000000000e+03	-1.000140e+03	-1.348597e-01
-1.134000000000000e+03	-1.000140e+03	-1.338600e-01
-1.133000000000000e+03	-1.000140e+03	-1.328603e-01
-1.132000000000000e+03	-1.000139e+03	-1.318606e-01
-1.131000000000000e+03	-1.000139e+03	-1.308609e-01
-1.130000000000000e+03	-1.000139e+03	-1.298611e-01
-1.129000000000000e+03	-1.000139e+03	-1.288614e-01
-1.128000000000000e+03	-1.000138e+03	-1.278617e-01
-1.127000000000000e+03	-1.000138e+03	-1.268620e-01
-1.126000000000000e+03	-1.000138e+03	-1.258623e-01
-1.125000000000000e+03	-1.000137e+03	-1.248627e-01
-1.124000000000000e+03	-1.000137e+03	-1.238630e-01
-1.123000000000000e+03	-1.000137e+03	-1.228633e-01
-1.122000000000000e+03	-1.000136e+03	-1.218636e-01
-1.121000000000000e+03	-1.000136e+03	-1.208639e-01
-1.120000000000000e+03	-1.000136e+03	-1.198642e-01
-1.119000000000000e+03	-1.000135e+03	-1.188645e-01
-1.118000000000000e+03	-1.000135e+03	-1.178648e-01
-1.117000000000000e+03	-1.000135e+03	-1.168652e-01
-1.116000000000000e+03	-1.000135e+03	-1.158655e-01
-1.115000000000000e+03	-1.000134e+03	-1.148658e-01
-1.114000000000000e+03	-1.000134e+03	-1.138661e-01
-1.113000000000000e+03	-1.000134e+03	-1.128665e-01
-1.112000000000000e+03	-1.000133e+03	-1.118668e-01
-1.111000000000000e+03	-1.000133e+03	-1.108671e-01
-1.110000000000000e+03	-1.000133e+03	-1.098675e-01
-1.109000000000000e+03	-1.000132e+03	-1.088678e-01
-1.108000000000000e+03	-1.000132e+03	-1.078681e-01
-1.107000000000000e+03	-1.000132e+03	-1.068685e-01
-1.106000000000000e+03	-1.000131e+03	-1.058688e-01
-1.105000000000000e+03	-1.000131e+03	-1.048692e-01
-1.104000000000000e+03	-1.000130e+03	-1.038695e-01
-1.103000000000000e+03	-1.000130e+03	-1.028699e-01
-1.102000000000000e+03	-1.000130e+03	-1.018702e-01
-1.101000000000000e+03	-1.000129e+03	-1.008706e-01
-1.100000000000000e+03	-1.000129e+03	-9.987094e-02
-1.099000000000000e+03	-1.000129e+03	-9.887129e-02
-1.098000000000000e+03	-1.000128e+03	-9.787165e-02
-1.097000000000000e+03	-1.000128e+03	-9.687202e-02
-1.096000000000000e+03	-1.000128e+03	-9.587239e-02
-1.095000000000000e+03	-1.000127e+03	-9.487277e-02
-1.094000000000000e+03	-1.000127e+03	-9.387314e-02
-1.093000000000000e+03	-1.000126e+03	-9.287351e-02
-1.092000000000000e+03	-1.000126e+03	-9.187389e-02
-1.091000000000000e+03	-1.000126e+03	-9.087428e-02
-1.090000000000000e+03	-1.000125e+03	-8.987466e-02
-1.089000000000000e+03	-1.000125e+03	-8.887505e-02
-1.088000000000000e+03	-1.000125e+03	-8.787544e-02
-1.087000000000000e+03	-1.000124e+03	-8.687584e-02
-1.086000000000000e+03	-1.000124e+03	-8.587624e-02
-1.085000000000000e+03	-1.000123e+03	-8.487664e-02
-1.084000000000000e+03	-1.000123e+03	-8.387705e-02
-1.083000000000000e+03	-1.000123e+03	-8.287746e-02
-1.082000000000000e+03	-1.000122e+03	-8.187787e-02
-1.081000000000000e+03	-1.000122e+03	-8.087829e-02
-1.080000000000000e+03	-1.000121e+03	-7.987871e-02
-1.079000000000000e+03	-1.000121e+03	-7.887913e-02
-1.078000000000000e+03	-1.000120e+03	-7.787956e-02
-1.077000000000000e+03	-1.000120e+03	-7.688000e-02
-1.076000000000000e+03	-1.000120e+03	-7.588044e-02
-1.075000000000000e+03	-1.000119e+03	-7.488088e-02
-1.074000000000000e+03	-1.000119e+03	-7.388133e-02
-1.073000000000000e+03	-1.000118e+03	-7.288178e-02
-1.072000000000000e+03	-1.000118e+03	-7.188224e-02
-1.071000000000000e+03	-1.000117e+03	-7.088270e-02
-1.070000000000000e+03	-1.000117e+03	-6.988317e-02
-1.069000000000000e+03	-1.000116e+03	-6.888364e-02
-1.068000000000000e+03	-1.000116e+03	-6.788412e-02
-1.067000000000000e+03	-1.000115e+03	-6.688460e-02
-1.066000000000000e+03	-1.000115e+03	-6.588509e-02
-1.065000000000000e+03	-1.000114e+03	-6.488559e-02
-1.064000000000000e+03	-1.000114e+03	-6.388609e-02
-1.063000000000000e+03	-1.000113e+03	-6.288660e-02
-1.062000000000000e+03	-1.000113e+03	-6.188711e-02
-1.061000000000000e+03	-1.000112e+03	-6.088763e-02
-1.060000000000000e+03	-1.000112e+03	-5.988816e-02
-1.059000000000000e+03	-1.000111e+03	-5.888870e-02
-1.058000000000000e+03	-1.000111e+03	-5.788924e-02
-1.057000000000000e+03	-1.000110e+03	-5.688979e-02
-1.056000000000000e+03	-1.000110e+03	-5.589035e-02
-1.055000000000000e+03	-1.000109e+03	-5.489091e-02
-1.054000000000000e+03	-1.000109e+03	-5.389149e-02
-1.053000000000000e+03	-1.000108e+03	-5.289207e-02
-1.052000000000000e+03	-1.000107e+03	-5.189266e-02
-1.051000000000000e+03	-1.000107e+03	-5.089327e-02
-1.050000000000000e+03	-1.000106e+03	-4.989388e-02
-1.049000000000000e+03	-1.000105e+03	-4.889451e-02
-1.048000000000000e+03	-1.000105e+03	-4.789514e-02
-1.047000000000000e+03	-1.000104e+03	-4.689578e-02
-1.046000000000000e+03	-1.000104e+03	-4.589644e-02
-1.045000000000000e+03	-1.000103e+03	-4.489711e-02
-1.044000000000000e+03	-1.000102e+03	-4.389779e-02
-1.043000000000000e+03	-1.000102e+03	-4.289849e-02
-1.042000000000000e+03	-1.000101e+03	-4.189920e-02
-1.041000000000000e+03	-1.000100e+03	-4.089992e-02
-1.040000000000000e+03	-1.000099e+03	-3.990066e-02
-1.039000000000000e+03	-1.000099e+03	-3.890142e-02
-1.038000000000000e+03	-1.000098e+03	-3.790219e-02
-1.037000000000000e+03	-1.000097e+03	-3.690298e-02
-1.036000000000000e+03	-1.000096e+03	-3.590379e-02
-1.035000000000000e+03	-1.000095e+03	-3.490462e-02
-1.034000000000000e+03	-1.000095e+03	-3.390547e-02
-1.033000000000000e+03	-1.000094e+03	-3.290635e-02
-1.032000000000000e+03	-1.000093e+03	-3.190724e-02
-1.031000000000000e+03	-1.000092e+03	-3.090817e-02
-1.030000000000000e+03	-1.000091e+03	-2.990912e-02
-1.029000000000000e+03	-1.000090e+03	-2.891009e-02
-1.028000000000000e+03	-1.000089e+03	-2.791110e-02
-1.027000000000000e+03	-1.000088e+03	-2.691215e-02
-1.026000000000000e+03	-1.000087e+03	-2.591323e-02
-1.025000000000000e+03	-1.000086e+03	-2.491434e-02
-1.024000000000000e+03	-1.000084e+03	-2.391550e-02
-1.023000000000000e+03	-1.000083e+03	-2.291670e-02
-1.022000000000000e+03	-1.000082e+03	-2.191796e-02
-1.021000000000000e+03	-1.000081e+03	-2.091926e-02
-1.020000000000000e+03	-1.000079e+03	-1.992063e-02
-1.019000000000000e+03	-1.000078e+03	-1.892206e-02
-1.018000000000000e+03	-1.000076e+03	-1.792356e-02
-1.017000000000000e+03	-1.000075e+03	-1.692514e-02
-1.016000000000000e+03	-1.000073e+03	-1.592681e-02
-1.015000000000000e+03	-1.000071e+03	-1.492859e-02
-1.014000000000000e+03	-1.000070e+03	-1.393048e-02
-1.013000000000000e+03	-1.000068e+03	-1.293250e-02
-1.012000000000000e+03	-1.000065e+03	-1.193468e-02
-1.011000000000000e+03	-1.000063e+03	-1.093703e-02
-1.010000000000000e+03	-1.000060e+03	-9.939605e-03
-1.009000000000000e+03	-1.000058e+03	-8.942439e-03
-1.008000000000000e+03	-1.000054e+03	-7.945595e-03
-1.007000000000000e+03	-1.000051e+03	-6.949159e-03
-1.006000000000000e+03	-1.000047e+03	-5.953257e-03
-1.005000000000000e+03	-1.000042e+03	-4.958083e-03
-1.004000000000000e+03	-1.000036e+03	-3.963959e-03
-1.003000000000000e+03	-1.000029e+03	-2.971480e-03
-1.002000000000000e+03	-1.000018e+03	-1.981929e-03
-1.001000000000000e+03	-1.000000e+03	-9.998848e-04
-1.000000000000000e+03	-9.999309e+02	-6.908714e-05
-9.990000000000000e+02	-9.990000e+02	-1.999751e-09
-9.980000000000000e+02	-9.980000e+02	-1.998615e-09
-9.970000000000000e+02	-9.970000e+02	-1.997478e-09
-9.960000000000000e+02	-9.960000e+02	-1.996341e-09
-9.950000000000000e+02	-9.950000e+02	-1.995204e-09
-9.940000000000000e+02	-9.940000e+02	-1.995204e-09
-9.930000000000000e+02	-9.930000e+02	-1.994067e-09
-9.920000000000000e+02	-9.920000e+02	-1.992930e-09
-9.910000000000000e+02	-9.910000e+02	-1.991793e-09
-9.900000000000000e+02	-9.900000e+02	-1.990657e-09
-9.890000000000000e+02	-9.890000e+02	-1.989520e-09
-9.880000000000000e+02	-9.880000e+02	-1.988383e-09
-9.870000000000000e+02	-9.870000e+02	-1.987246e-09
-9.860000000000000e+02	-9.860000e+02	-1.987246e-09
-9.850000000000000e+02	-9.850000e+02	-1.986109e-09
-9.840000000000000e+02	-9.840000e+02	-1.984972e-09
-9.830000000000000e+02	-9.830000e+02	-1.983835e-09
-9.820000000000000e+02	-9.820000e+02	-1.982698e-09
-9.810000000000000e+02	-9.810000e+02	-1.981562e-09
-9.800000000000000e+02	-9.800000e+02	-1.980425e-09
-9.790000000000000e+02	-9.790000e+02	-1.979288e-09
-9.780000000000000e+02	-9.780000e+02	-1.979288e-09
-9.770000000000000e+02	-9.770000e+02	-1.978151e-09
-9.760000000000000e+02	-9.760000e+02	-1.977014e-09
-9.750000000000000e+02	-9.750000e+02	-1.975877e-09
-9.740000000000000e+02	-9.740000e+02	-1.974740e-09
-9.730000000000000e+02	-9.730000e+02	-1.973604e-09
-9.720000000000000e+02	-9.720000e+02	-1.972467e-09
-9.710000000000000e+02	-9.710000e+02	-1.971330e-09
-9.700000000000000e+02	-9.700000e+02	-1.970193e-09
-9.690000000000000e+02	-9.690000e+02	-1.970193e-09
-9.680000000000000e+02	-9.680000e+02	-1.969056e-09
-9.670000000000000e+02	-9.670000e+02	-1.967919e-09
-9.660000000000000e+02	-9.660000e+02	-1.966782e-09
-9.650000000000000e+02	-9.650000e+02	-1.965645e-09
-9.640000000000000e+02	-9.640000e+02	-1.964509e-09
-9.630000000000000e+02	-9.630000e+02	-1.963372e-09
-9.620000000000000e+02	-9.620000e+02	-1.962235e-09
-9.610000000000000e+02	-9.610000e+02	-1.962235e-09
-9.600000000000000e+02	-9.600000e+02	-1.961098e-09
-9.590000000000000e+02	-9.590000e+02	-1.959961e-09
-9.580000000000000e+02	-9.580000e+02	-1.958824e-09
-9.570000000000000e+02	-9.570000e+02	-1.957687e-09
-9.560000000000000e+02	-9.560000e+02	-1.956550e-09
-9.550000000000000e+02	-9.550000e+02	-1.955414e-09
-9.540000000000000e+02	-9.540000e+02	-1.954277e-09
-9.530000000000000e+02	-9.530000e+02	-1.954277e-09
-9.520000000000000e+02	-9.520000e+02	-1.953140e-09
-9.510000000000000e+02	-9.510000e+02	-1.952003e-09
-9.500000000000000e+02	-9.500000e+02	-1.950866e-09
-9.490000000000000e+02	-9.490000e+02	-1.949729e-09
-9.480000000000000e+02	-9.480000e+02	-1.948592e-09
-9.470000000000000e+02	-9.470000e+02	-1.947456e-09
-9.460000000000000e+02	-9.460000e+02	-1.946319e-09
-9.450000000000000e+02	-9.450000e+02	-1.945182e-09
-9.440000000000000e+02	-9.440000e+02	-1.945182e-09
-9.430000000000000e+02	-9.430000e+02	-1.944045e-09
-9.420000000000000e+02	-9.420000e+02	-1.942908e-09
-9.410000000000000e+02	-9.410000e+02	-1.941771e-09
-9.400000000000000e+02	-9.400000e+02	-1.940634e-09
-9.390000000000000e+02	-9.390000e+02	-1.939497e-09
-9.380000000000000e+02	-9.380000e+02	-1.938361e-09
-9.370000000000000e+02	-9.370000e+02	-1.937224e-09
-9.360000000000000e+02	-9.360000e+02	-1.937224e-09
-9.350000000000000e+02	-9.350000e+02	-1.936087e-09
-9.340000000000000e+02	-9.340000e+02	-1.934950e-09
-9.330000000000000e+02	-9.330000e+02	-1.933813e-09
-9.320000000000000e+02	-9.320000e+02	-1.932676e-09
-9.310000000000000e+02	-9.310000e+02	-1.931539e-09
-9.300000000000000e+02	-9.300000e+02	-1.930403e-09
-9.290000000000000e+02	-9.290000e+02	-1.929266e-09
-9.280000000000000e+02	-9.280000e+02	-1.929266e-09
-9.270000000000000e+02	-9.270000e+02	-1.928129e-09
-9.260000000000000e+02	-9.260000e+02	-1.926992e-09
-9.250000000000000e+02	-9.250000e+02	-1.925855e-09
-9.240000000000000e+02	-9.240000e+02	-1.924718e-09
-9.230000000000000e+02	-9.230000e+02	-1.923581e-09
-9.220000000000000e+02	-9.220000e+02	-1.922444e-09
-9.210000000000000e+02	-9.210000e+02	-1.921308e-09
-9.200000000000000e+02	-9.200000e+02	-1.920171e-09
-9.190000000000000e+02	-9.190000e+02	-1.920171e-09
-9.180000000000000e+02	-9.180000e+02	-1.919034e-09
-9.170000000000000e+02	-9.170000e+02	-1.917897e-09
-9.160000000000000e+02	-9.160000e+02	-1.916760e-09
-9.150000000000000e+02	-9.150000e+02	-1.915623e-09
-9.140000000000000e+02	-9.140000e+02	-1.914486e-09
-9.130000000000000e+02	-9.130000e+02	-1.913349e-09
-9.120000000000000e+02	-9.120000e+02	-1.912213e-09
-9.110000000000000e+02	-9.110000e+02	-1.912213e-09
-9.100000000000000e+02	-9.100000e+02	-1.911076e-09
-9.090000000000000e+02	-9.090000e+02	-1.909939e-09
-9.080000000000000e+02	-9.080000e+02	-1.908802e-09
-9.070000000000000e+02	-9.070000e+02	-1.907665e-09
-9.060000000000000e+02	-9.060000e+02	-1.906528e-09
-9.050000000000000e+02	-9.050000e+02	-1.905391e-09
-9.040000000000000e+02	-9.040000e+02	-1.904255e-09
-9.030000000000000e+02	-9.030000e+02	-1.904255e-09
-9.020000000000000e+02	-9.020000e+02	-1.903118e-09
-9.010000000000000e+02	-9.010000e+02	-1.901981e-09
-9.000000000000000e+02	-9.000000e+02	-1.900844e-09
-8.990000000000000e+02	-8.990000e+02	-1.899707e-09
-8.980000000000000e+02	-8.980000e+02	-1.898570e-09
-8.970000000000000e+02	-8.970000e+02	-1.897433e-09
-8.960000000000000e+02	-8.960000e+02	-1.896296e-09
-8.950000000000000e+02	-8.950000e+02	-1.895160e-09
-8.940000000000000e+02	-8.940000e+02	-1.895160e-09
-8.930000000000000e+02	-8.930000e+02	-1.894023e-09
-8.920000000000000e+02	-8.920000e+02	-1.892886e-09
-8.910000000000000e+02	-8.910000e+02	-1.891749e-09
-8.900000000000000e+02	-8.900000e+02	-1.890612e-09
-8.890000000000000e+02	-8.890000e+02	-1.889475e-09
-8.880000000000000e+02	-8.880000e+02	-1.888338e-09
-8.870000000000000e+02	-8.870000e+02	-1.887202e-09
-8.860000000000000e+02	-8.860000e+02	-1.887202e-09
-8.850000000000000e+02	-8.850000e+02	-1.886065e-09
-8.840000000000000e+02	-8.840000e+02	-1.884928e-09
-8.830000000000000e+02	-8.830000e+02	-1.883791e-09
-8.820000000000000e+02	-8.820000e+02	-1.882654e-09
-8.810000000000000e+02	-8.810000e+02	-1.881517e-09
-8.800000000000000e+02	-8.800000e+02	-1.880380e-09
-8.790000000000000e+02	-8.790000e+02	-1.879243e-09
-8.780000000000000e+02	-8.780000e+02	-1.879243e-09
-8.770000000000000e+02	-8.770000e+02	-1.878107e-09
-8.760000000000000e+02	-8.760000e+02	-1.876970e-09
-8.750000000000000e+02	-8.750000e+02	-1.875833e-09
-8.740000000000000e+02	-8.740000e+02	-1.874696e-09
-8.730000000000000e+02	-8.730000e+02	-1.873559e-09
-8.720000000000000e+02	-8.720000e+02	-1.872422e-09
-8.710000000000000e+02	-8.710000e+02	-1.871285e-09
-8.700000000000000e+02	-8.700000e+02	-1.870148e-09
-8.690000000000000e+02	-8.690000e+02	-1.870148e-09
-8.680000000000000e+02	-8.680000e+02	-1.869012e-09
-8.670000000000000e+02	-8.670000e+02	-1.867875e-09
-8.660000000000000e+02	-8.660000e+02	-1.866738e-09
-8.650000000000000e+02	-8.650000e+02	-1.865601e-09
-8.640000000000000e+02	-8.640000e+02	-1.864464e-09
-8.630000000000000e+02	-8.630000e+02	-1.863327e-09
-8.620000000000000e+02	-8.620000e+02	-1.862190e-09
-8.610000000000000e+02	-8.610000e+02	-1.862190e-09
-8.600000000000000e+02	-8.600000e+02	-1.861054e-09
-8.590000000000000e+02	-8.590000e+02	-1.859917e-09
-8.580000000000000e+02	-8.580000e+02	-1.858780e-09
-8.570000000000000e+02	-8.570000e+02	-1.857643e-09
-8.560000000000000e+02	-8.560000e+02	-1.856506e-09
-8.550000000000000e+02	-8.550000e+02	-1.855369e-09
-8.540000000000000e+02	-8.540000e+02	-1.854232e-09
-8.530000000000000e+02	-8.530000e+02	-1.854232e-09
-8.520000000000000e+02	-8.520000e+02	-1.853095e-09
-8.510000000000000e+02	-8.510000e+02	-1.851959e-09
-8.500000000000000e+02	-8.500000e+02	-1.850822e-09
-8.490000000000000e+02	-8.490000e+02	-1.849685e-09
-8.480000000000000e+02	-8.480000e+02	-1.848548e-09
-8.470000000000000e+02	-8.470000e+02	-1.847411e-09
-8.460000000000000e+02	-8.460000e+02	-1.846274e-09
-8.450000000000000e+02	-8.450000e+02	-1.846274e-09
-8.440000000000000e+02	-8.440000e+02	-1.845137e-09
-8.430000000000000e+02	-8.430000e+02	-1.844001e-09
-8.420000000000000e+02	-8.420000e+02	-1.842864e-09
-8.410000000000000e+02	-8.410000e+02	-1.841727e-09
-8.400000000000000e+02	-8.400000e+02	-1.840590e-09
-8.390000000000000e+02	-8.390000e+02	-1.839453e-09
-8.380000000000000e+02	-8.380000e+02	-1.838316e-09
-8.370000000000000e+02	-8.370000e+02	-1.837179e-09
-8.360000000000000e+02	-8.360000e+02	-1.837179e-09
-8.350000000000000e+02	-8.350000e+02	-1.836042e-09
-8.340000000000000e+02	-8.340000e+02	-1.834906e-09
-8.330000000000000e+02	-8.330000e+02	-1.833769e-09
-8.320000000000000e+02	-8.320000e+02	-1.832632e-09
-8.310000000000000e+02	-8.310000e+02	-1.831495e-09
-8.300000000000000e+02	-8.300000e+02	-1.830358e-09
-8.290000000000000e+02	-8.290000e+02	-1.829221e-09
-8.280000000000000e+02	-8.280000e+02	-1.829221e-09
-8.270000000000000e+02	-8.270000e+02	-1.828084e-09
-8.260000000000000e+02	-8.260000e+02	-1.826947e-09
-8.250000000000000e+02	-8.250000e+02	-1.825811e-09
-8.240000000000000e+02	-8.240000e+02	-1.824674e-09
-8.230000000000000e+02	-8.230000e+02	-1.823537e-09
-8.220000000000000e+02	-8.220000e+02	-1.822400e-09
-8.210000000000000e+02	-8.210000e+02	-1.821263e-09
-8.200000000000000e+02	-8.200000e+02	-1.821263e-09
-8.190000000000000e+02	-8.190000e+02	-1.820126e-09
-8.180000000000000e+02	-8.180000e+02	-1.818989e-09
-8.170000000000000e+02	-8.170000e+02	-1.817853e-09
-8.160000000000000e+02	-8.160000e+02	-1.816716e-09
-8.150000000000000e+02	-8.150000e+02	-1.815579e-09
-8.140000000000000e+02	-8.140000e+02	-1.814442e-09
-8.130000000000000e+02	-8.130000e+02	-1.813305e-09
-8.120000000000000e+02	-8.120000e+02	-1.812168e-09
-8.110000000000000e+02	-8.110000e+02	-1.812168e-09
-8.100000000000000e+02	-8.100000e+02	-1.811031e-09
-8.090000000000000e+02	-8.090000e+02	-1.809894e-09
-8.080000000000000e+02	-8.080000e+02	-1.808758e-09
-8.070000000000000e+02	-8.070000e+02	-1.807621e-09
-8.060000000000000e+02	-8.060000e+02	-1.806484e-09
-8.050000000000000e+02	-8.050000e+02	-1.805347e-09
-8.040000000000000e+02	-8.040000e+02	-1.804210e-09
-8.030000000000000e+02	-8.030000e+02	-1.804210e-09
-8.020000000000000e+02	-8.020000e+02	-1.803073e-09
-8.010000000000000e+02	-8.010000e+02	-1.801936e-09
-8.000000000000000e+02	-8.000000e+02	-1.800800e-09
-7.990000000000000e+02	-7.990000e+02	-1.799663e-09
-7.980000000000000e+02	-7.980000e+02	-1.798526e-09
-7.970000000000000e+02	-7.970000e+02	-1.797389e-09
-7.960000000000000e+02	-7.960000e+02	-1.796252e-09
-7.950000000000000e+02	-7.950000e+02	-1.796252e-09
-7.940000000000000e+02	-7.940000e+02	-1.795115e-09
-7.930000000000000e+02	-7.930000e+02	-1.793978e-09
-7.920000000000000e+02	-7.920000e+02	-1.792841e-09
-7.910000000000000e+02	-7.910000e+02	-1.791705e-09
-7.900000000000000e+02	-7.900000e+02	-1.790568e-09
-7.890000000000000e+02	-7.890000e+02	-1.789431e-09
-7.880000000000000e+02	-7.880000e+02	-1.788294e-09
-7.870000000000000e+02	-7.870000e+02	-1.787157e-09
-7.860000000000000e+02	-7.860000e+02	-1.787157e-09
-7.850000000000000e+02	-7.850000e+02	-1.786020e-09
-7.840000000000000e+02	-7.840000e+02	-1.784883e-09
-7.830000000000000e+02	-7.830000e+02	-1.783746e-09
-7.820000000000000e+02	-7.820000e+02	-1.782610e-09
-7.810000000000000e+02	-7.810000e+02	-1.781473e-09
-7.800000000000000e+02	-7.800000e+02	-1.780336e-09
-7.790000000000000e+02	-7.790000e+02	-1.779199e-09
-7.780000000000000e+02	-7.780000e+02	-1.779199e-09
-7.770000000000000e+02	-7.770000e+02	-1.778062e-09
-7.760000000000000e+02	-7.760000e+02	-1.776925e-09
-7.750000000000000e+02	-7.750000e+02	-1.775788e-09
-7.740000000000000e+02	-7.740000e+02	-1.774652e-09
-7.730000000000000e+02	-7.730000e+02	-1.773515e-09
-7.720000000000000e+02	-7.720000e+02	-1.772378e-09
-7.710000000000000e+02	-7.710000e+02	-1.771241e-09
-7.700000000000000e+02	-7.700000e+02	-1.771241e-09
-7.690000000000000e+02	-7.690000e+02	-1.770104e-09
-7.680000000000000e+02	-7.680000e+02	-1.768967e-09
-7.670000000000000e+02	-7.670000e+02	-1.767830e-09
-7.660000000000000e+02	-7.660000e+02	-1.766693e-09
-7.650000000000000e+02	-7.650000e+02	-1.765557e-09
-7.640000000000000e+02	-7.640000e+02	-1.764420e-09
-7.630000000000000e+02	-7.630000e+02	-1.763283e-09
-7.620000000000000e+02	-7.620000e+02	-1.762146e-09
-7.610000000000000e+02	-7.610000e+02	-1.762146e-09
-7.600000000000000e+02	-7.600000e+02	-1.761009e-09
-7.590000000000000e+02	-7.590000e+02	-1.759872e-09
-7.580000000000000e+02	-7.580000e+02	-1.758735e-09
-7.570000000000000e+02	-7.570000e+02	-1.757599e-09
-7.560000000000000e+02	-7.560000e+02	-1.756462e-09
-7.550000000000000e+02	-7.550000e+02	-1.755325e-09
-7.540000000000000e+02	-7.540000e+02	-1.754188e-09
-7.530000000000000e+02	-7.530000e+02	-1.754188e-09
-7.520000000000000e+02	-7.520000e+02	-1.753051e-09
-7.510000000000000e+02	-7.510000e+02	-1.751914e-09
-7.500000000000000e+02	-7.500000e+02	-1.750777e-09
-7.490000000000000e+02	-7.490000e+02	-1.749640e-09
-7.480000000000000e+02	-7.480000e+02	-1.748504e-09
-7.470000000000000e+02	-7.470000e+02	-1.747367e-09
-7.460000000000000e+02	-7.460000e+02	-1.746230e-09
-7.450000000000000e+02	-7.450000e+02	-1.746230e-09
-7.440000000000000e+02	-7.440000e+02	-1.745093e-09
-7.430000000000000e+02	-7.430000e+02	-1.743956e-09
-7.420000000000000e+02	-7.420000e+02	-1.742819e-09
-7.410000000000000e+02	-7.410000e+02	-1.741682e-09
-7.400000000000000e+02	-7.400000e+02	-1.740545e-09
-7.390000000000000e+02	-7.390000e+02	-1.739409e-09
-7.380000000000000e+02	-7.380000e+02	-1.738272e-09
-7.370000000000000e+02	-7.370000e+02	-1.737135e-09
-7.360000000000000e+02	-7.360000e+02	-1.737135e-09
-7.350000000000000e+02	-7.350000e+02	-1.735998e-09
-7.340000000000000e+02	-7.340000e+02	-1.734861e-09
-7.330000000000000e+02	-7.330000e+02	-1.733724e-09
-7.320000000000000e+02	-7.320000e+02	-1.732587e-09
-7.310000000000000e+02	-7.310000e+02	-1.731451e-09
-7.300000000000000e+02	-7.300000e+02	-1.730314e-09
-7.290000000000000e+02	-7.290000e+02	-1.729177e-09
-7.280000000000000e+02	-7.280000e+02	-1.729177e-09
-7.270000000000000e+02	-7.270000e+02	-1.728040e-09
-7.260000000000000e+02	-7.260000e+02	-1.726903e-09
-7.250000000000000e+02	-7.250000e+02	-1.725766e-09
-7.240000000000000e+02	-7.240000e+02	-1.724629e-09
-7.230000000000000e+02	-7.230000e+02	-1.723492e-09
-7.220000000000000e+02	-7.220000e+02	-1.722356e-09
-7.210000000000000e+02	-7.210000e+02	-1.721219e-09
-7.200000000000000e+02	-7.200000e+02	-1.721219e-09
-7.190000000000000e+02	-7.190000e+02	-1.720082e-09
-7.180000000000000e+02	-7.180000e+02	-1.718945e-09
-7.170000000000000e+02	-7.170000e+02	-1.717808e-09
-7.160000000000000e+02	-7.160000e+02	-1.716671e-09
-7.150000000000000e+02	-7.150000e+02	-1.715534e-09
-7.140000000000000e+02	-7.140000e+02	-1.714398e-09
-7.130000000000000e+02	-7.130000e+02	-1.713261e-09
-7.120000000000000e+02	-7.120000e+02	-1.712124e-09
-7.110000000000000e+02	-7.110000e+02	-1.712124e-09
-7.100000000000000e+02	-7.100000e+02	-1.710987e-09
-7.090000000000000e+02	-7.090000e+02	-1.709850e-09
-7.080000000000000e+02	-7.080000e+02	-1.708713e-09
-7.070000000000000e+02	-7.070000e+02	-1.707576e-09
-7.060000000000000e+02	-7.060000e+02	-1.706439e-09
-7.050000000000000e+02	-7.050000e+02	-1.705303e-09
-7.040000000000000e+02	-7.040000e+02	-1.704166e-09
-7.030000000000000e+02	-7.030000e+02	-1.704166e-09
-7.020000000000000e+02	-7.020000e+02	-1.703029e-09
-7.010000000000000e+02	-7.010000e+02	-1.701892e-09
-7.000000000000000e+02	-7.000000e+02	-1.700755e-09
-6.990000000000000e+02	-6.990000e+02	-1.699618e-09
-6.980000000000000e+02	-6.980000e+02	-1.698481e-09
-6.970000000000000e+02	-6.970000e+02	-1.697344e-09
-6.960000000000000e+02	-6.960000e+02	-1.696208e-09
-6.950000000000000e+02	-6.950000e+02	-1.696208e-09
-6.940000000000000e+02	-6.940000e+02	-1.695071e-09
-6.930000000000000e+02	-6.930000e+02	-1.693934e-09
-6.920000000000000e+02	-6.920000e+02	-1.692797e-09
-6.910000000000000e+02	-6.910000e+02	-1.691660e-09
-6.900000000000000e+02	-6.900000e+02	-1.690523e-09
-6.890000000000000e+02	-6.890000e+02	-1.689386e-09
-6.880000000000000e+02	-6.880000e+02	-1.688250e-09
-6.870000000000000e+02	-6.870000e+02	-1.687113e-09
-6.860000000000000e+02	-6.860000e+02	-1.687113e-09
-6.850000000000000e+02	-6.850000e+02	-1.685976e-09
-6.840000000000000e+02	-6.840000e+02	-1.684839e-09
-6.830000000000000e+02	-6.830000e+02	-1.683702e-09
-6.820000000000000e+02	-6.820000e+02	-1.682565e-09
-6.810000000000000e+02	-6.810000e+02	-1.681428e-09
-6.800000000000000e+02	-6.800000e+02	-1.680291e-09
-6.790000000000000e+02	-6.790000e+02	-1.679155e-09
-6.780000000000000e+02	-6.780000e+02	-1.679155e-09
-6.770000000000000e+02	-6.770000e+02	-1.678018e-09
-6.760000000000000e+02	-6.760000e+02	-1.676881e-09
-6.750000000000000e+02	-6.750000e+02	-1.675744e-09
-6.740000000000000e+02	-6.740000e+02	-1.674607e-09
-6.730000000000000e+02	-6.730000e+02	-1.673470e-09
-6.720000000000000e+02	-6.720000e+02	-1.672333e-09
-6.710000000000000e+02	-6.710000e+02	-1.671197e-09
-6.700000000000000e+02	-6.700000e+02	-1.671197e-09
-6.690000000000000e+02	-6.690000e+02	-1.670060e-09
-6.680000000000000e+02	-6.680000e+02	-1.668923e-09
-6.670000000000000e+02	-6.670000e+02	-1.667786e-09
-6.660000000000000e+02	-6.660000e+02	-1.666649e-09
-6.650000000000000e+02	-6.650000e+02	-1.665512e-09
-6.640000000000000e+02	-6.640000e+02	-1.664375e-09
-6.630000000000000e+02	-6.630000e+02	-1.663238e-09
-6.620000000000000e+02	-6.620000e+02	-1.662102e-09
-6.610000000000000e+02	-6.610000e+02	-1.662102e-09
-6.600000000000000e+02	-6.600000e+02	-1.660965e-09
-6.590000000000000e+02	-6.590000e+02	-1.659828e-09
-6.580000000000000e+02	-6.580000e+02	-1.658691e-09
-6.570000000000000e+02	-6.570000e+02	-1.657554e-09
-6.560000000000000e+02	-6.560000e+02	-1.656417e-09
-6.550000000000000e+02	-6.550000e+02	-1.655280e-09
-6.540000000000000e+02	-6.540000e+02	-1.654143e-09
-6.530000000000000e+02	-6.530000e+02	-1.654143e-09
-6.520000000000000e+02	-6.520000e+02	-1.653007e-09
-6.510000000000000e+02	-6.510000e+02	-1.651870e-09
-6.500000000000000e+02	-6.500000e+02	-1.650733e-09
-6.490000000000000e+02	-6.490000e+02	-1.649596e-09
-6.480000000000000e+02	-6.480000e+02	-1.648459e-09
-6.470000000000000e+02	-6.470000e+02	-1.647322e-09
-6.460000000000000e+02	-6.460000e+02	-1.646185e-09
-6.450000000000000e+02	-6.450000e+02	-1.646185e-09
-6.440000000000000e+02	-6.440000e+02	-1.645049e-09
-6.430000000000000e+02	-6.430000e+02	-1.643912e-09
-6.420000000000000e+02	-6.420000e+02	-1.642775e-09
-6.410000000000000e+02	-6.410000e+02	-1.641638e-09
-6.400000000000000e+02	-6.400000e+02	-1.640501e-09
-6.390000000000000e+02	-6.390000e+02	-1.639364e-09
-6.380000000000000e+02	-6.380000e+02	-1.638227e-09
-6.370000000000000e+02	-6.370000e+02	-1.637090e-09
-6.360000000000000e+02	-6.360000e+02	-1.637090e-09
-6.350000000000000e+02	-6.350000e+02	-1.635954e-09
-6.340000000000000e+02	-6.340000e+02	-1.634817e-09
-6.330000000000000e+02	-6.330000e+02	-1.633680e-09
-6.320000000000000e+02	-6.320000e+02	-1.632543e-09
-6.310000000000000e+02	-6.310000e+02	-1.631406e-09
-6.300000000000000e+02	-6.300000e+02	-1.630269e-09
-6.290000000000000e+02	-6.290000e+02	-1.629132e-09
-6.280000000000000e+02	-6.280000e+02	-1.629132e-09
-6.270000000000000e+02	-6.270000e+02	-1.627996e-09
-6.260000000000000e+02	-6.260000e+02	-1.626859e-09
-6.250000000000000e+02	-6.250000e+02	-1.625722e-09
-6.240000000000000e+02	-6.240000e+02	-1.624585e-09
-6.230000000000000e+02	-6.230000e+02	-1.623448e-09
-6.220000000000000e+02	-6.220000e+02	-1.622311e-09
-6.210000000000000e+02	-6.210000e+02	-1.621174e-09
-6.200000000000000e+02	-6.200000e+02	-1.621174e-09
-6.190000000000000e+02	-6.190000e+02	-1.620037e-09
-6.180000000000000e+02	-6.180000e+02	-1.618901e-09
-6.170000000000000e+02	-6.170000e+02	-1.617764e-09
-6.160000000000000e+02	-6.160000e+02	-1.616627e-09
-6.150000000000000e+02	-6.150000e+02	-1.615490e-09
-6.140000000000000e+02	-6.140000e+02	-1.614353e-09
-6.130000000000000e+02	-6.130000e+02	-1.613216e-09
-6.120000000000000e+02	-6.120000e+02	-1.612079e-09
-6.110000000000000e+02	-6.110000e+02	-1.612079e-09
-6.100000000000000e+02	-6.100000e+02	-1.610942e-09
-6.090000000000000e+02	-6.090000e+02	-1.609806e-09
-6.080000000000000e+02	-6.080000e+02	-1.608669e-09
-6.070000000000000e+02	-6.070000e+02	-1.607532e-09
-6.060000000000000e+02	-6.060000e+02	-1.606395e-09
-6.050000000000000e+02	-6.050000e+02	-1.605258e-09
-6.040000000000000e+02	-6.040000e+02	-1.604121e-09
-6.030000000000000e+02	-6.030000e+02	-1.604121e-09
-6.020000000000000e+02	-6.020000e+02	-1.602984e-09
-6.010000000000000e+02	-6.010000e+02	-1.601848e-09
-6.000000000000000e+02	-6.000000e+02	-1.600711e-09
-5.990000000000000e+02	-5.990000e+02	-1.599574e-09
-5.980000000000000e+02	-5.980000e+02	-1.598437e-09
-5.970000000000000e+02	-5.970000e+02	-1.597300e-09
-5.960000000000000e+02	-5.960000e+02	-1.596163e-09
-5.950000000000000e+02	-5.950000e+02	-1.596163e-09
-5.940000000000000e+02	-5.940000e+02	-1.595026e-09
-5.930000000000000e+02	-5.930000e+02	-1.593889e-09
-5.920000000000000e+02	-5.920000e+02	-1.592753e-09
-5.910000000000000e+02	-5.910000e+02	-1.591616e-09
-5.900000000000000e+02	-5.900000e+02	-1.590479e-09
-5.890000000000000e+02	-5.890000e+02	-1.589342e-09
-5.880000000000000e+02	-5.880000e+02	-1.588205e-09
-5.870000000000000e+02	-5.870000e+02	-1.587068e-09
-5.860000000000000e+02	-5.860000e+02	-1.587068e-09
-5.850000000000000e+02	-5.850000e+02	-1.585931e-09
-5.840000000000000e+02	-5.840000e+02	-1.584795e-09
-5.830000000000000e+02	-5.830000e+02	-1.583658e-09
-5.820000000000000e+02	-5.820000e+02	-1.582521e-09
-5.810000000000000e+02	-5.810000e+02	-1.581384e-09
-5.800000000000000e+02	-5.800000e+02	-1.580247e-09
-5.790000000000000e+02	-5.790000e+02	-1.579110e-09
-5.780000000000000e+02	-5.780000e+02	-1.579110e-09
-5.770000000000000e+02	-5.770000e+02	-1.577973e-09
-5.760000000000000e+02	-5.760000e+02	-1.576836e-09
-5.750000000000000e+02	-5.750000e+02	-1.575700e-09
-5.740000000000000e+02	-5.740000e+02	-1.574563e-09
-5.730000000000000e+02	-5.730000e+02	-1.573426e-09
-5.720000000000000e+02	-5.720000e+02	-1.572289e-09
-5.710000000000000e+02	-5.710000e+02	-1.571152e-09
-5.700000000000000e+02	-5.700000e+02	-1.571152e-09
-5.690000000000000e+02	-5.690000e+02	-1.570015e-09
-5.680000000000000e+02	-5.680000e+02	-1.568878e-09
-5.670000000000000e+02	-5.670000e+02	-1.567741e-09
-5.660000000000000e+02	-5.660000e+02	-1.566605e-09
-5.650000000000000e+02	-5.650000e+02	-1.565468e-09
-5.640000000000000e+02	-5.640000e+02	-1.564331e-09
-5.630000000000000e+02	-5.630000e+02	-1.563194e-09
-5.620000000000000e+02	-5.620000e+02	-1.562057e-09
-5.610000000000000e+02	-5.610000e+02	-1.562057e-09
-5.600000000000000e+02	-5.600000e+02	-1.560920e-09
-5.590000000000000e+02	-5.590000e+02	-1.559783e-09
-5.580000000000000e+02	-5.580000e+02	-1.558647e-09
-5.570000000000000e+02	-5.570000e+02	-1.557510e-09
-5.560000000000000e+02	-5.560000e+02	-1.556373e-09
-5.550000000000000e+02	-5.550000e+02	-1.555236e-09
-5.540000000000000e+02	-5.540000e+02	-1.554099e-09
-5.530000000000000e+02	-5.530000e+02	-1.554099e-09
-5.520000000000000e+02	-5.520000e+02	-1.552962e-09
-5.510000000000000e+02	-5.510000e+02	-1.551825e-09
-5.500000000000000e+02	-5.500000e+02	-1.550688e-09
-5.490000000000000e+02	-5.490000e+02	-1.549552e-09
-5.480000000000000e+02	-5.480000e+02	-1.548415e-09
-5.470000000000000e+02	-5.470000e+02	-1.547278e-09
-5.460000000000000e+02	-5.460000e+02	-1.546141e-09
-5.450000000000000e+02	-5.450000e+02	-1.546141e-09
-5.440000000000000e+02	-5.440000e+02	-1.545004e-09
-5.430000000000000e+02	-5.430000e+02	-1.543867e-09
-5.420000000000000e+02	-5.420000e+02	-1.542730e-09
-5.410000000000000e+02	-5.410000e+02	-1.541594e-09
-5.400000000000000e+02	-5.400000e+02	-1.540457e-09
-5.390000000000000e+02	-5.390000e+02	-1.539320e-09
-5.380000000000000e+02	-5.380000e+02	-1.538183e-09
-5.370000000000000e+02	-5.370000e+02	-1.537046e-09
-5.360000000000000e+02	-5.360000e+02	-1.537046e-09
-5.350000000000000e+02	-5.350000e+02	-1.535909e-09
-5.340000000000000e+02	-5.340000e+02	-1.534772e-09
-5.330000000000000e+02	-5.330000e+02	-1.533635e-09
-5.320000000000000e+02	-5.320000e+02	-1.532499e-09
-5.310000000000000e+02	-5.310000e+02	-1.531362e-09
-5.300000000000000e+02	-5.300000e+02	-1.530225e-09
-5.290000000000000e+02	-5.290000e+02	-1.529088e-09
-5.280000000000000e+02	-5.280000e+02	-1.529088e-09
-5.270000000000000e+02	-5.270000e+02	-1.527951e-09
-5.260000000000000e+02	-5.260000e+02	-1.526814e-09
-5.250000000000000e+02	-5.250000e+02	-1.525677e-09
-5.240000000000000e+02	-5.240000e+02	-1.524540e-09
-5.230000000000000e+02	-5.230000e+02	-1.523404e-09
-5.220000000000000e+02	-5.220000e+02	-1.522267e-09
-5.210000000000000e+02	-5.210000e+02	-1.521130e-09
-5.200000000000000e+02	-5.200000e+02	-1.521130e-09
-5.190000000000000e+02	-5.190000e+02	-1.519993e-09
-5.180000000000000e+02	-5.180000e+02	-1.518856e-09
-5.170000000000000e+02	-5.170000e+02	-1.517719e-09
-5.160000000000000e+02	-5.160000e+02	-1.516582e-09
-5.150000000000000e+02	-5.150000e+02	-1.515446e-09
-5.140000000000000e+02	-5.140000e+02	-1.514309e-09
-5.130000000000000e+02	-5.130000e+02	-1.513172e-09
-5.120000000000000e+02	-5.120000e+02	-1.512035e-09
-5.110000000000000e+02	-5.110000e+02	-1.510898e-09
-5.100000000000000e+02	-5.100000e+02	-1.509761e-09
-5.090000000000000e+02	-5.090000e+02	-1.509193e-09
-5.080000000000000e+02	-5.080000e+02	-1.508056e-09
-5.070000000000000e+02	-5.070000e+02	-1.506919e-09
-5.060000000000000e+02	-5.060000e+02	-1.505782e-09
-5.050000000000000e+02	-5.050000e+02	-1.505214e-09
-5.040000000000000e+02	-5.040000e+02	-1.504077e-09
-5.030000000000000e+02	-5.030000e+02	-1.502940e-09
-5.020000000000000e+02	-5.020000e+02	-1.501803e-09
-5.010000000000000e+02	-5.010000e+02	-1.501235e-09
-5.000000000000000e+02	-5.000000e+02	-1.500098e-09
-4.990000000000000e+02	-4.990000e+02	-1.498961e-09
-4.980000000000000e+02	-4.980000e+02	-1.497824e-09
-4.970000000000000e+02	-4.970000e+02	-1.497256e-09
-4.960000000000000e+02	-4.960000e+02	-1.496119e-09
-4.950000000000000e+02	-4.950000e+02	-1.494982e-09
-4.940000000000000e+02	-4.940000e+02	-1.493845e-09
-4.930000000000000e+02	-4.930000e+02	-1.493277e-09
-4.920000000000000e+02	-4.920000e+02	-1.492140e-09
-4.910000000000000e+02	-4.910000e+02	-1.491003e-09
-4.900000000000000e+02	-4.900000e+02	-1.489866e-09
-4.890000000000000e+02	-4.890000e+02	-1.489298e-09
-4.880000000000000e+02	-4.880000e+02	-1.488161e-09
-4.870000000000000e+02	-4.870000e+02	-1.487024e-09
-4.860000000000000e+02	-4.860000e+02	-1.485887e-09
-4.850000000000000e+02	-4.850000e+02	-1.484750e-09
-4.840000000000000e+02	-4.840000e+02	-1.484182e-09
-4.830000000000000e+02	-4.830000e+02	-1.483045e-09
-4.820000000000000e+02	-4.820000e+02	-1.481908e-09
-4.810000000000000e+02	-4.810000e+02	-1.480771e-09
-4.800000000000000e+02	-4.800000e+02	-1.480203e-09
-4.790000000000000e+02	-4.790000e+02	-1.479066e-09
-4.780000000000000e+02	-4.780000e+02	-1.477929e-09
-4.770000000000000e+02	-4.770000e+02	-1.476792e-09
-4.760000000000000e+02	-4.760000e+02	-1.476224e-09
-4.750000000000000e+02	-4.750000e+02	-1.475087e-09
-4.740000000000000e+02	-4.740000e+02	-1.473950e-09
-4.730000000000000e+02	-4.730000e+02	-1.472813e-09
-4.720000000000000e+02	-4.720000e+02	-1.472245e-09
-4.710000000000000e+02	-4.710000e+02	-1.471108e-09
-4.700000000000000e+02	-4.700000e+02	-1.469971e-09
-4.690000000000000e+02	-4.690000e+02	-1.468834e-09
-4.680000000000000e+02	-4.680000e+02	-1.468266e-09
-4.670000000000000e+02	-4.670000e+02	-1.467129e-09
-4.660000000000000e+02	-4.660000e+02	-1.465992e-09
-4.650000000000000e+02	-4.650000e+02	-1.464855e-09
-4.640000000000000e+02	-4.640000e+02	-1.464286e-09
-4.630000000000000e+02	-4.630000e+02	-1.463150e-09
-4.620000000000000e+02	-4.620000e+02	-1.462013e-09
-4.610000000000000e+02	-4.610000e+02	-1.460876e-09
-4.600000000000000e+02	-4.600000e+02	-1.459739e-09
-4.590000000000000e+02	-4.590000e+02	-1.459171e-09
-4.580000000000000e+02	-4.580000e+02	-1.458034e-09
-4.570000000000000e+02	-4.570000e+02	-1.456897e-09
-4.560000000000000e+02	-4.560000e+02	-1.455760e-09
-4.550000000000000e+02	-4.550000e+02	-1.455192e-09
-4.540000000000000e+02	-4.540000e+02	-1.454055e-09
-4.530000000000000e+02	-4.530000e+02	-1.452918e-09
-4.520000000000000e+02	-4.520000e+02	-1.451781e-09
-4.510000000000000e+02	-4.510000e+02	-1.451212e-09
-4.500000000000000e+02	-4.500000e+02	-1.450076e-09
-4.490000000000000e+02	-4.490000e+02	-1.448939e-09
-4.480000000000000e+02	-4.480000e+02	-1.447802e-09
-4.470000000000000e+02	-4.470000e+02	-1.447233e-09
-4.460000000000000e+02	-4.460000e+02	-1.446097e-09
-4.450000000000000e+02	-4.450000e+02	-1.444960e-09
-4.440000000000000e+02	-4.440000e+02	-1.443823e-09
-4.430000000000000e+02	-4.430000e+02	-1.443254e-09
-4.420000000000000e+02	-4.420000e+02	-1.442118e-09
-4.410000000000000e+02	-4.410000e+02	-1.440981e-09
-4.400000000000000e+02	-4.400000e+02	-1.439844e-09
-4.390000000000000e+02	-4.390000e+02	-1.439275e-09
-4.380000000000000e+02	-4.380000e+02	-1.438138e-09
-4.370000000000000e+02	-4.370000e+02	-1.437002e-09
-4.360000000000000e+02	-4.360000e+02	-1.435865e-09
-4.350000000000000e+02	-4.350000e+02	-1.434728e-09
-4.340000000000000e+02	-4.340000e+02	-1.434159e-09
-4.330000000000000e+02	-4.330000e+02	-1.433023e-09
-4.320000000000000e+02	-4.320000e+02	-1.431886e-09
-4.310000000000000e+02	-4.310000e+02	-1.430749e-09
-4.300000000000000e+02	-4.300000e+02	-1.430180e-09
-4.290000000000000e+02	-4.290000e+02	-1.429044e-09
-4.280000000000000e+02	-4.280000e+02	-1.427907e-09
-4.270000000000000e+02	-4.270000e+02	-1.426770e-09
-4.260000000000000e+02	-4.260000e+02	-1.426201e-09
-4.250000000000000e+02	-4.250000e+02	-1.425065e-09
-4.240000000000000e+02	-4.240000e+02	-1.423928e-09
-4.230000000000000e+02	-4.230000e+02	-1.422791e-09
-4.220000000000000e+02	-4.220000e+02	-1.422222e-09
-4.210000000000000e+02	-4.210000e+02	-1.421085e-09
-4.200000000000000e+02	-4.200000e+02	-1.419949e-09
-4.190000000000000e+02	-4.190000e+02	-1.418812e-09
-4.180000000000000e+02	-4.180000e+02	-1.418243e-09
-4.170000000000000e+02	-4.170000e+02	-1.417106e-09
-4.160000000000000e+02	-4.160000e+02	-1.415970e-09
-4.150000000000000e+02	-4.150000e+02	-1.414833e-09
-4.140000000000000e+02	-4.140000e+02	-1.414264e-09
-4.130000000000000e+02	-4.130000e+02	-1.413127e-09
-4.120000000000000e+02	-4.120000e+02	-1.411991e-09
-4.110000000000000e+02	-4.110000e+02	-1.410854e-09
-4.100000000000000e+02	-4.100000e+02	-1.410285e-09
-4.090000000000000e+02	-4.090000e+02	-1.409148e-09
-4.080000000000000e+02	-4.080000e+02	-1.408011e-09
-4.070000000000000e+02	-4.070000e+02	-1.406875e-09
-4.060000000000000e+02	-4.060000e+02	-1.405738e-09
-4.050000000000000e+02	-4.050000e+02	-1.405169e-09
-4.040000000000000e+02	-4.040000e+02	-1.404032e-09
-4.030000000000000e+02	-4.030000e+02	-1.402896e-09
-4.020000000000000e+02	-4.020000e+02	-1.401759e-09
-4.010000000000000e+02	-4.010000e+02	-1.401190e-09
-4.000000000000000e+02	-4.000000e+02	-1.400053e-09
-3.990000000000000e+02	-3.990000e+02	-1.398917e-09
-3.980000000000000e+02	-3.980000e+02	-1.397780e-09
-3.970000000000000e+02	-3.970000e+02	-1.397211e-09
-3.960000000000000e+02	-3.960000e+02	-1.396074e-09
-3.950000000000000e+02	-3.950000e+02	-1.394937e-09
-3.940000000000000e+02	-3.940000e+02	-1.393801e-09
-3.930000000000000e+02	-3.930000e+02	-1.393232e-09
-3.920000000000000e+02	-3.920000e+02	-1.392095e-09
-3.910000000000000e+02	-3.910000e+02	-1.390958e-09
-3.900000000000000e+02	-3.900000e+02	-1.389822e-09
-3.890000000000000e+02	-3.890000e+02	-1.389253e-09
-3.880000000000000e+02	-3.880000e+02	-1.388116e-09
-3.870000000000000e+02	-3.870000e+02	-1.386979e-09
-3.860000000000000e+02	-3.860000e+02	-1.385843e-09
-3.850000000000000e+02	-3.850000e+02	-1.385274e-09
-3.840000000000000e+02	-3.840000e+02	-1.384137e-09
-3.830000000000000e+02	-3.830000e+02	-1.383000e-09
-3.820000000000000e+02	-3.820000e+02	-1.381864e-09
-3.810000000000000e+02	-3.810000e+02	-1.380727e-09
-3.800000000000000e+02	-3.800000e+02	-1.380158e-09
-3.790000000000000e+02	-3.790000e+02	-1.379021e-09
-3.780000000000000e+02	-3.780000e+02	-1.377884e-09
-3.770000000000000e+02	-3.770000e+02	-1.376748e-09
-3.760000000000000e+02	-3.760000e+02	-1.376179e-09
-3.750000000000000e+02	-3.750000e+02	-1.375042e-09
-3.740000000000000e+02	-3.740000e+02	-1.373905e-09
-3.730000000000000e+02	-3.730000e+02	-1.372769e-09
-3.720000000000000e+02	-3.720000e+02	-1.372200e-09
-3.710000000000000e+02	-3.710000e+02	-1.371063e-09
-3.700000000000000e+02	-3.700000e+02	-1.369926e-09
-3.690000000000000e+02	-3.690000e+02	-1.368790e-09
-3.680000000000000e+02	-3.680000e+02	-1.368221e-09
-3.670000000000000e+02	-3.670000e+02	-1.367084e-09
-3.660000000000000e+02	-3.660000e+02	-1.365947e-09
-3.650000000000000e+02	-3.650000e+02	-1.364810e-09
-3.640000000000000e+02	-3.640000e+02	-1.364242e-09
-3.630000000000000e+02	-3.630000e+02	-1.363105e-09
-3.620000000000000e+02	-3.620000e+02	-1.361968e-09
-3.610000000000000e+02	-3.610000e+02	-1.360831e-09
-3.600000000000000e+02	-3.600000e+02	-1.360263e-09
-3.590000000000000e+02	-3.590000e+02	-1.359126e-09
-3.580000000000000e+02	-3.580000e+02	-1.357989e-09
-3.570000000000000e+02	-3.570000e+02	-1.356852e-09
-3.560000000000000e+02	-3.560000e+02	-1.355716e-09
-3.550000000000000e+02	-3.550000e+02	-1.355147e-09
-3.540000000000000e+02	-3.540000e+02	-1.354010e-09
-3.530000000000000e+02	-3.530000e+02	-1.352873e-09
-3.520000000000000e+02	-3.520000e+02	-1.351737e-09
-3.510000000000000e+02	-3.510000e+02	-1.351168e-09
-3.500000000000000e+02	-3.500000e+02	-1.350031e-09
-3.490000000000000e+02	-3.490000e+02	-1.348894e-09
-3.480000000000000e+02	-3.480000e+02	-1.347757e-09
-3.470000000000000e+02	-3.470000e+02	-1.347189e-09
-3.460000000000000e+02	-3.460000e+02	-1.346052e-09
-3.450000000000000e+02	-3.450000e+02	-1.344915e-09
-3.440000000000000e+02	-3.440000e+02	-1.343778e-09
-3.430000000000000e+02	-3.430000e+02	-1.343210e-09
-3.420000000000000e+02	-3.420000e+02	-1.342073e-09
-3.410000000000000e+02	-3.410000e+02	-1.340936e-09
-3.400000000000000e+02	-3.400000e+02	-1.339799e-09
-3.390000000000000e+02	-3.390000e+02	-1.339231e-09
-3.380000000000000e+02	-3.380000e+02	-1.338094e-09
-3.370000000000000e+02	-3.370000e+02	-1.336957e-09
-3.360000000000000e+02	-3.360000e+02	-1.335820e-09
-3.350000000000000e+02	-3.350000e+02	-1.335252e-09
-3.340000000000000e+02	-3.340000e+02	-1.334115e-09
-3.330000000000000e+02	-3.330000e+02	-1.332978e-09
-3.320000000000000e+02	-3.320000e+02	-1.331841e-09
-3.310000000000000e+02	-3.310000e+02	-1.330704e-09
-3.300000000000000e+02	-3.300000e+02	-1.330136e-09
-3.290000000000000e+02	-3.290000e+02	-1.328999e-09
-3.280000000000000e+02	-3.280000e+02	-1.327862e-09
-3.270000000000000e+02	-3.270000e+02	-1.326725e-09
-3.260000000000000e+02	-3.260000e+02	-1.326157e-09
-3.250000000000000e+02	-3.250000e+02	-1.325020e-09
-3.240000000000000e+02	-3.240000e+02	-1.323883e-09
-3.230000000000000e+02	-3.230000e+02	-1.322746e-09
-3.220000000000000e+02	-3.220000e+02	-1.322178e-09
-3.210000000000000e+02	-3.210000e+02	-1.321041e-09
-3.200000000000000e+02	-3.200000e+02	-1.319904e-09
-3.190000000000000e+02	-3.190000e+02	-1.318767e-09
-3.180000000000000e+02	-3.180000e+02	-1.318199e-09
-3.170000000000000e+02	-3.170000e+02	-1.317062e-09
-3.160000000000000e+02	-3.160000e+02	-1.315925e-09
-3.150000000000000e+02	-3.150000e+02	-1.314788e-09
-3.140000000000000e+02	-3.140000e+02	-1.314220e-09
-3.130000000000000e+02	-3.130000e+02	-1.313083e-09
-3.120000000000000e+02	-3.120000e+02	-1.311946e-09
-3.110000000000000e+02	-3.110000e+02	-1.310809e-09
-3.100000000000000e+02	-3.100000e+02	-1.310241e-09
-3.090000000000000e+02	-3.090000e+02	-1.309104e-09
-3.080000000000000e+02	-3.080000e+02	-1.307967e-09
-3.070000000000000e+02	-3.070000e+02	-1.306830e-09
-3.060000000000000e+02	-3.060000e+02	-1.305693e-09
-3.050000000000000e+02	-3.050000e+02	-1.305125e-09
-3.040000000000000e+02	-3.040000e+02	-1.303988e-09
-3.030000000000000e+02	-3.030000e+02	-1.302851e-09
-3.020000000000000e+02	-3.020000e+02	-1.301714e-09
-3.010000000000000e+02	-3.010000e+02	-1.301146e-09
-3.000000000000000e+02	-3.000000e+02	-1.300009e-09
-2.990000000000000e+02	-2.990000e+02	-1.298872e-09
-2.980000000000000e+02	-2.980000e+02	-1.297735e-09
-2.970000000000000e+02	-2.970000e+02	-1.297167e-09
-2.960000000000000e+02	-2.960000e+02	-1.296030e-09
-2.950000000000000e+02	-2.950000e+02	-1.294893e-09
-2.940000000000000e+02	-2.940000e+02	-1.293756e-09
-2.930000000000000e+02	-2.930000e+02	-1.293188e-09
-2.920000000000000e+02	-2.920000e+02	-1.292051e-09
-2.910000000000000e+02	-2.910000e+02	-1.290914e-09
-2.900000000000000e+02	-2.900000e+02	-1.289777e-09
-2.890000000000000e+02	-2.890000e+02	-1.289209e-09
-2.880000000000000e+02	-2.880000e+02	-1.288072e-09
-2.870000000000000e+02	-2.870000e+02	-1.286935e-09
-2.860000000000000e+02	-2.860000e+02	-1.285798e-09
-2.850000000000000e+02	-2.850000e+02	-1.285230e-09
-2.840000000000000e+02	-2.840000e+02	-1.284093e-09
-2.830000000000000e+02	-2.830000e+02	-1.282956e-09
-2.820000000000000e+02	-2.820000e+02	-1.281819e-09
-2.810000000000000e+02	-2.810000e+02	-1.280682e-09
-2.800000000000000e+02	-2.800000e+02	-1.280114e-09
-2.790000000000000e+02	-2.790000e+02	-1.278977e-09
-2.780000000000000e+02	-2.780000e+02	-1.277840e-09
-2.770000000000000e+02	-2.770000e+02	-1.276703e-09
-2.760000000000000e+02	-2.760000e+02	-1.276135e-09
-2.750000000000000e+02	-2.750000e+02	-1.274998e-09
-2.740000000000000e+02	-2.740000e+02	-1.273861e-09
-2.730000000000000e+02	-2.730000e+02	-1.272724e-09
-2.720000000000000e+02	-2.720000e+02	-1.272156e-09
-2.710000000000000e+02	-2.710000e+02	-1.271019e-09
-2.700000000000000e+02	-2.700000e+02	-1.269882e-09
-2.690000000000000e+02	-2.690000e+02	-1.268745e-09
-2.680000000000000e+02	-2.680000e+02	-1.268177e-09
-2.670000000000000e+02	-2.670000e+02	-1.267040e-09
-2.660000000000000e+02	-2.660000e+02	-1.265903e-09
-2.650000000000000e+02	-2.650000e+02	-1.264766e-09
-2.640000000000000e+02	-2.640000e+02	-1.264198e-09
-2.630000000000000e+02	-2.630000e+02	-1.263061e-09
-2.620000000000000e+02	-2.620000e+02	-1.261924e-09
-2.610000000000000e+02	-2.610000e+02	-1.260787e-09
-2.600000000000000e+02	-2.600000e+02	-1.260219e-09
-2.590000000000000e+02	-2.590000e+02	-1.259082e-09
-2.580000000000000e+02	-2.580000e+02	-1.257945e-09
-2.570000000000000e+02	-2.570000e+02	-1.256808e-09
-2.560000000000000e+02	-2.560000e+02	-1.255955e-09
-2.550000000000000e+02	-2.550000e+02	-1.254818e-09
-2.540000000000000e+02	-2.540000e+02	-1.253966e-09
-2.530000000000000e+02	-2.530000e+02	-1.252829e-09
-2.520000000000000e+02	-2.520000e+02	-1.251976e-09
-2.510000000000000e+02	-2.510000e+02	-1.250839e-09
-2.500000000000000e+02	-2.500000e+02	-1.249987e-09
-2.490000000000000e+02	-2.490000e+02	-1.248850e-09
-2.480000000000000e+02	-2.480000e+02	-1.247997e-09
-2.470000000000000e+02	-2.470000e+02	-1.246860e-09
-2.460000000000000e+02	-2.460000e+02	-1.246008e-09
-2.450000000000000e+02	-2.450000e+02	-1.244871e-09
-2.440000000000000e+02	-2.440000e+02	-1.244018e-09
-2.430000000000000e+02	-2.430000e+02	-1.242881e-09
-2.420000000000000e+02	-2.420000e+02	-1.242029e-09
-2.410000000000000e+02	-2.410000e+02	-1.240892e-09
-2.400000000000000e+02	-2.400000e+02	-1.240039e-09
-2.390000000000000e+02	-2.390000e+02	-1.238902e-09
-2.380000000000000e+02	-2.380000e+02	-1.238050e-09
-2.370000000000000e+02	-2.370000e+02	-1.236913e-09
-2.360000000000000e+02	-2.360000e+02	-1.236060e-09
-2.350000000000000e+02	-2.350000e+02	-1.234923e-09
-2.340000000000000e+02	-2.340000e+02	-1.234071e-09
-2.330000000000000e+02	-2.330000e+02	-1.232934e-09
-2.320000000000000e+02	-2.320000e+02	-1.232081e-09
-2.310000000000000e+02	-2.310000e+02	-1.230944e-09
-2.300000000000000e+02	-2.300000e+02	-1.229807e-09
-2.290000000000000e+02	-2.290000e+02	-1.228955e-09
-2.280000000000000e+02	-2.280000e+02	-1.227818e-09
-2.270000000000000e+02	-2.270000e+02	-1.226965e-09
-2.260000000000000e+02	-2.260000e+02	-1.225828e-09
-2.250000000000000e+02	-2.250000e+02	-1.224976e-09
-2.240000000000000e+02	-2.240000e+02	-1.223839e-09
-2.230000000000000e+02	-2.230000e+02	-1.222986e-09
-2.220000000000000e+02	-2.220000e+02	-1.221849e-09
-2.210000000000000e+02	-2.210000e+02	-1.220997e-09
-2.200000000000000e+02	-2.200000e+02	-1.219860e-09
-2.190000000000000e+02	-2.190000e+02	-1.219007e-09
-2.180000000000000e+02	-2.180000e+02	-1.217870e-09
-2.170000000000000e+02	-2.170000e+02	-1.217018e-09
-2.160000000000000e+02	-2.160000e+02	-1.215881e-09
-2.150000000000000e+02	-2.150000e+02	-1.215028e-09
-2.140000000000000e+02	-2.140000e+02	-1.213891e-09
-2.130000000000000e+02	-2.130000e+02	-1.213039e-09
-2.120000000000000e+02	-2.120000e+02	-1.211902e-09
-2.110000000000000e+02	-2.110000e+02	-1.211049e-09
-2.100000000000000e+02	-2.100000e+02	-1.209912e-09
-2.090000000000000e+02	-2.090000e+02	-1.209060e-09
-2.080000000000000e+02	-2.080000e+02	-1.207923e-09
-2.070000000000000e+02	-2.070000e+02	-1.207070e-09
-2.060000000000000e+02	-2.060000e+02	-1.205933e-09
-2.050000000000000e+02	-2.050000e+02	-1.205080e-09
-2.040000000000000e+02	-2.040000e+02	-1.203944e-09
-2.030000000000000e+02	-2.030000e+02	-1.202807e-09
-2.020000000000000e+02	-2.020000e+02	-1.201954e-09
-2.010000000000000e+02	-2.010000e+02	-1.200817e-09
-2.000000000000000e+02	-2.000000e+02	-1.199965e-09
-1.990000000000000e+02	-1.990000e+02	-1.198828e-09
-1.980000000000000e+02	-1.980000e+02	-1.197975e-09
-1.970000000000000e+02	-1.970000e+02	-1.196838e-09
-1.960000000000000e+02	-1.960000e+02	-1.195986e-09
-1.950000000000000e+02	-1.950000e+02	-1.194849e-09
-1.940000000000000e+02	-1.940000e+02	-1.193996e-09
-1.930000000000000e+02	-1.930000e+02	-1.192859e-09
-1.920000000000000e+02	-1.920000e+02	-1.192006e-09
-1.910000000000000e+02	-1.910000e+02	-1.190870e-09
-1.900000000000000e+02	-1.900000e+02	-1.190017e-09
-1.890000000000000e+02	-1.890000e+02	-1.188880e-09
-1.880000000000000e+02	-1.880000e+02	-1.188027e-09
-1.870000000000000e+02	-1.870000e+02	-1.186891e-09
-1.860000000000000e+02	-1.860000e+02	-1.186038e-09
-1.850000000000000e+02	-1.850000e+02	-1.184901e-09
-1.840000000000000e+02	-1.840000e+02	-1.184048e-09
-1.830000000000000e+02	-1.830000e+02	-1.182912e-09
-1.820000000000000e+02	-1.820000e+02	-1.182059e-09
-1.810000000000000e+02	-1.810000e+02	-1.180922e-09
-1.800000000000000e+02	-1.800000e+02	-1.180069e-09
-1.790000000000000e+02	-1.790000e+02	-1.178933e-09
-1.780000000000000e+02	-1.780000e+02	-1.177796e-09
-1.770000000000000e+02	-1.770000e+02	-1.176943e-09
-1.760000000000000e+02	-1.760000e+02	-1.175806e-09
-1.750000000000000e+02	-1.750000e+02	-1.174953e-09
-1.740000000000000e+02	-1.740000e+02	-1.173817e-09
-1.730000000000000e+02	-1.730000e+02	-1.172964e-09
-1.720000000000000e+02	-1.720000e+02	-1.171827e-09
-1.710000000000000e+02	-1.710000e+02	-1.170974e-09
-1.700000000000000e+02	-1.700000e+02	-1.169838e-09
-1.690000000000000e+02	-1.690000e+02	-1.168985e-09
-1.680000000000000e+02	-1.680000e+02	-1.167848e-09
-1.670000000000000e+02	-1.670000e+02	-1.166995e-09
-1.660000000000000e+02	-1.660000e+02	-1.165859e-09
-1.650000000000000e+02	-1.650000e+02	-1.165006e-09
-1.640000000000000e+02	-1.640000e+02	-1.163869e-09
-1.630000000000000e+02	-1.630000e+02	-1.163016e-09
-1.620000000000000e+02	-1.620000e+02	-1.161879e-09
-1.610000000000000e+02	-1.610000e+02	-1.161027e-09
-1.600000000000000e+02	-1.600000e+02	-1.159890e-09
-1.590000000000000e+02	-1.590000e+02	-1.159037e-09
-1.580000000000000e+02	-1.580000e+02	-1.157900e-09
-1.570000000000000e+02	-1.570000e+02	-1.157048e-09
-1.560000000000000e+02	-1.560000e+02	-1.155911e-09
-1.550000000000000e+02	-1.550000e+02	-1.155058e-09
-1.540000000000000e+02	-1.540000e+02	-1.153921e-09
-1.530000000000000e+02	-1.530000e+02	-1.152785e-09
-1.520000000000000e+02	-1.520000e+02	-1.151932e-09
-1.510000000000000e+02	-1.510000e+02	-1.150795e-09
-1.500000000000000e+02	-1.500000e+02	-1.149942e-09
-1.490000000000000e+02	-1.490000e+02	-1.148805e-09
-1.480000000000000e+02	-1.480000e+02	-1.147953e-09
-1.470000000000000e+02	-1.470000e+02	-1.146816e-09
-1.460000000000000e+02	-1.460000e+02	-1.145963e-09
-1.450000000000000e+02	-1.450000e+02	-1.144826e-09
-1.440000000000000e+02	-1.440000e+02	-1.143974e-09
-1.430000000000000e+02	-1.430000e+02	-1.142837e-09
-1.420000000000000e+02	-1.420000e+02	-1.141984e-09
-1.410000000000000e+02	-1.410000e+02	-1.140847e-09
-1.400000000000000e+02	-1.400000e+02	-1.139995e-09
-1.390000000000000e+02	-1.390000e+02	-1.138858e-09
-1.380000000000000e+02	-1.380000e+02	-1.138005e-09
-1.370000000000000e+02	-1.370000e+02	-1.136868e-09
-1.360000000000000e+02	-1.360000e+02	-1.136016e-09
-1.350000000000000e+02	-1.350000e+02	-1.134879e-09
-1.340000000000000e+02	-1.340000e+02	-1.134026e-09
-1.330000000000000e+02	-1.330000e+02	-1.132889e-09
-1.320000000000000e+02	-1.320000e+02	-1.132037e-09
-1.310000000000000e+02	-1.310000e+02	-1.130900e-09
-1.300000000000000e+02	-1.300000e+02	-1.130047e-09
-1.290000000000000e+02	-1.290000e+02	-1.128910e-09
-1.280000000000000e+02	-1.280000e+02	-1.128058e-09
-1.270000000000000e+02	-1.270000e+02	-1.127063e-09
-1.260000000000000e+02	-1.260000e+02	-1.126068e-09
-1.250000000000000e+02	-1.250000e+02	-1.125073e-09
-1.240000000000000e+02	-1.240000e+02	-1.124079e-09
-1.230000000000000e+02	-1.230000e+02	-1.123084e-09
-1.220000000000000e+02	-1.220000e+02	-1.122089e-09
-1.210000000000000e+02	-1.210000e+02	-1.121094e-09
-1.200000000000000e+02	-1.200000e+02	-1.120100e-09
-1.190000000000000e+02	-1.190000e+02	-1.119105e-09
-1.180000000000000e+02	-1.180000e+02	-1.118110e-09
-1.170000000000000e+02	-1.170000e+02	-1.117115e-09
-1.160000000000000e+02	-1.160000e+02	-1.116121e-09
-1.150000000000000e+02	-1.150000e+02	-1.114984e-09
-1.140000000000000e+02	-1.140000e+02	-1.113989e-09
-1.130000000000000e+02	-1.130000e+02	-1.112994e-09
-1.120000000000000e+02	-1.120000e+02	-1.111999e-09
-1.110000000000000e+02	-1.110000e+02	-1.111005e-09
-1.100000000000000e+02	-1.100000e+02	-1.110010e-09
-1.090000000000000e+02	-1.090000e+02	-1.109015e-09
-1.080000000000000e+02	-1.080000e+02	-1.108020e-09
-1.070000000000000e+02	-1.070000e+02	-1.107026e-09
-1.060000000000000e+02	-1.060000e+02	-1.106031e-09
-1.050000000000000e+02	-1.050000e+02	-1.105036e-09
-1.040000000000000e+02	-1.040000e+02	-1.104041e-09
-1.030000000000000e+02	-1.030000e+02	-1.103047e-09
-1.020000000000000e+02	-1.020000e+02	-1.102052e-09
-1.010000000000000e+02	-1.010000e+02	-1.101057e-09
-1.000000000000000e+02	-1.000000e+02	-1.100062e-09
-9.900000000000000e+01	-9.900000e+01	-1.099068e-09
-9.800000000000000e+01	-9.800000e+01	-1.098073e-09
-9.700000000000000e+01	-9.700000e+01	-1.097078e-09
-9.600000000000000e+01	-9.600000e+01	-1.096083e-09
-9.500000000000000e+01	-9.500000e+01	-1.095088e-09
-9.400000000000000e+01	-9.400000e+01	-1.094094e-09
-9.300000000000000e+01	-9.300000e+01	-1.093099e-09
-9.200000000000000e+01	-9.200000e+01	-1.092104e-09
-9.100000000000000e+01	-9.100000e+01	-1.091109e-09
-9.000000000000000e+01	-9.000000e+01	-1.090115e-09
-8.900000000000000e+01	-8.900000e+01	-1.088978e-09
-8.800000000000000e+01	-8.800000e+01	-1.087983e-09
-8.700000000000000e+01	-8.700000e+01	-1.086988e-09
-8.600000000000000e+01	-8.600000e+01	-1.085994e-09
-8.500000000000000e+01	-8.500000e+01	-1.084999e-09
-8.400000000000000e+01	-8.400000e+01	-1.084004e-09
-8.300000000000000e+01	-8.300000e+01	-1.083009e-09
-8.200000000000000e+01	-8.200000e+01	-1.082014e-09
-8.100000000000000e+01	-8.100000e+01	-1.081020e-09
-8.000000000000000e+01	-8.000000e+01	-1.080025e-09
-7.900000000000000e+01	-7.900000e+01	-1.079030e-09
-7.800000000000000e+01	-7.800000e+01	-1.078035e-09
-7.700000000000000e+01	-7.700000e+01	-1.077041e-09
-7.600000000000000e+01	-7.600000e+01	-1.076046e-09
-7.500000000000000e+01	-7.500000e+01	-1.075051e-09
-7.400000000000000e+01	-7.400000e+01	-1.074056e-09
-7.300000000000000e+01	-7.300000e+01	-1.073062e-09
-7.200000000000000e+01	-7.200000e+01	-1.072067e-09
-7.100000000000000e+01	-7.100000e+01	-1.071072e-09
-7.000000000000000e+01	-7.000000e+01	-1.070077e-09
-6.900000000000000e+01	-6.900000e+01	-1.069083e-09
-6.800000000000000e+01	-6.800000e+01	-1.068088e-09
-6.700000000000000e+01	-6.700000e+01	-1.067093e-09
-6.600000000000000e+01	-6.600000e+01	-1.066098e-09
-6.500000000000000e+01	-6.500000e+01	-1.065104e-09
-6.400000000000000e+01	-6.400000e+01	-1.064038e-09
-6.300000000000000e+01	-6.300000e+01	-1.063043e-09
-6.200000000000000e+01	-6.200000e+01	-1.062048e-09
-6.100000000000000e+01	-6.100000e+01	-1.061053e-09
-6.000000000000000e+01	-6.000000e+01	-1.060059e-09
-5.900000000000000e+01	-5.900000e+01	-1.059064e-09
-5.800000000000000e+01	-5.800000e+01	-1.058069e-09
-5.700000000000000e+01	-5.700000e+01	-1.057003e-09
-5.600000000000000e+01	-5.600000e+01	-1.056009e-09
-5.500000000000000e+01	-5.500000e+01	-1.055014e-09
-5.400000000000000e+01	-5.400000e+01	-1.054019e-09
-5.300000000000000e+01	-5.300000e+01	-1.053024e-09
-5.200000000000000e+01	-5.200000e+01	-1.052030e-09
-5.100000000000000e+01	-5.100000e+01	-1.051035e-09
-5.000000000000000e+01	-5.000000e+01	-1.050040e-09
-4.900000000000000e+01	-4.900000e+01	-1.049045e-09
-4.800000000000000e+01	-4.800000e+01	-1.048051e-09
-4.700000000000000e+01	-4.700000e+01	-1.047056e-09
-4.600000000000000e+01	-4.600000e+01	-1.046061e-09
-4.500000000000000e+01	-4.500000e+01	-1.045066e-09
-4.400000000000000e+01	-4.400000e+01	-1.044000e-09
-4.300000000000000e+01	-4.300000e+01	-1.043006e-09
-4.200000000000000e+01	-4.200000e+01	-1.042011e-09
-4.100000000000000e+01	-4.100000e+01	-1.041016e-09
-4.000000000000000e+01	-4.000000e+01	-1.040021e-09
-3.900000000000000e+01	-3.900000e+01	-1.039027e-09
-3.800000000000000e+01	-3.800000e+01	-1.038032e-09
-3.700000000000000e+01	-3.700000e+01	-1.037037e-09
-3.600000000000000e+01	-3.600000e+01	-1.036042e-09
-3.500000000000000e+01	-3.500000e+01	-1.035048e-09
-3.400000000000000e+01	-3.400000e+01	-1.034053e-09
-3.300000000000000e+01	-3.300000e+01	-1.033058e-09
-3.200000000000000e+01	-3.200000e+01	-1.031992e-09
-3.100000000000000e+01	-3.100000e+01	-1.030998e-09
-3.000000000000000e+01	-3.000000e+01	-1.030003e-09
-2.900000000000000e+01	-2.900000e+01	-1.029008e-09
-2.800000000000000e+01	-2.800000e+01	-1.027978e-09
-2.700000000000000e+01	-2.700000e+01	-1.026983e-09
-2.600000000000000e+01	-2.600000e+01	-1.025988e-09
-2.500000000000000e+01	-2.500000e+01	-1.024993e-09
-2.400000000000000e+01	-2.400000e+01	-1.023999e-09
-2.300000000000000e+01	-2.300000e+01	-1.023004e-09
-2.200000000000000e+01	-2.200000e+01	-1.021974e-09
-2.100000000000000e+01	-2.100000e+01	-1.020979e-09
-2.000000000000000e+01	-2.000000e+01	-1.019984e-09
-1.900000000000000e+01	-1.900000e+01	-1.018989e-09
-1.800000000000000e+01	-1.800000e+01	-1.017995e-09
-1.700000000000000e+01	-1.700000e+01	-1.017000e-09
-1.600000000000000e+01	-1.600000e+01	-1.016005e-09
-1.500000000000000e+01	-1.500000e+01	-1.015010e-09
-1.400000000000000e+01	-1.400000e+01	-1.013998e-09
-1.300000000000000e+01	-1.300000e+01	-1.013003e-09
-1.200000000000000e+01	-1.200000e+01	-1.012008e-09
-1.100000000000000e+01	-1.100000e+01	-1.010996e-09
-1.000000000000000e+01	-9.999999e+00	-1.010001e-09
-9.000000000000000e+00	-8.999999e+00	-1.009006e-09
-8.000000000000000e+00	-7.999999e+00	-1.008003e-09
-7.000000000000000e+00	-6.999999e+00	-1.006999e-09
-6.000000000000000e+00	-5.999999e+00	-1.006004e-09
-5.000000000000000e+00	-4.999999e+00	-1.005001e-09
-4.000000000000000e+00	-3.999999e+00	-1.004001e-09
-3.000000000000000e+00	-2.999999e+00	-1.003002e-09
-2.000000000000000e+00	-1.999999e+00	-1.002001e-09
-1.000000000000000e+00	-9.999990e-01	-1.001000e-09
0.000000000000000e+00	0.000000e+00	0.000000e+00
1.000000000000000e+00	6.005334e-01	3.994666e-04
2.000000000000000e+00	6.572652e-01	1.342735e-03
3.000000000000000e+00	6.825739e-01	2.317426e-03
4.000000000000000e+00	6.991413e-01	3.300859e-03
5.000000000000000e+00	7.116109e-01	4.288389e-03
6.000000000000000e+00	7.212793e-01	5.278721e-03
7.000000000000000e+00	7.293362e-01	6.270664e-03
8.000000000000000e+00	7.362652e-01	7.263735e-03
9.000000000000000e+00	7.423297e-01	8.257670e-03
1.000000000000000e+01	7.477208e-01	9.252279e-03
