V1	V(vo)	I(D1)
-6.000000000000000e+01	-4.142239e+01	-1.857761e-02
-5.990000000000000e+01	-4.141750e+01	-1.848251e-02
-5.980000000000000e+01	-4.141260e+01	-1.838740e-02
-5.970000000000000e+01	-4.140770e+01	-1.829229e-02
-5.960000000000000e+01	-4.140281e+01	-1.819719e-02
-5.950000000000000e+01	-4.139791e+01	-1.810209e-02
-5.940000000000000e+01	-4.139302e+01	-1.800698e-02
-5.930000000000000e+01	-4.138812e+01	-1.791188e-02
-5.920000000000000e+01	-4.138322e+01	-1.781678e-02
-5.910000000000000e+01	-4.137832e+01	-1.772168e-02
-5.900000000000000e+01	-4.137342e+01	-1.762658e-02
-5.890000000000000e+01	-4.136852e+01	-1.753148e-02
-5.880000000000000e+01	-4.136362e+01	-1.743638e-02
-5.870000000000000e+01	-4.135872e+01	-1.734128e-02
-5.860000000000000e+01	-4.135382e+01	-1.724618e-02
-5.850000000000000e+01	-4.134892e+01	-1.715109e-02
-5.840000000000000e+01	-4.134401e+01	-1.705599e-02
-5.830000000000000e+01	-4.133911e+01	-1.696089e-02
-5.820000000000000e+01	-4.133420e+01	-1.686580e-02
-5.810000000000000e+01	-4.132929e+01	-1.677071e-02
-5.800000000000000e+01	-4.132439e+01	-1.667561e-02
-5.790000000000000e+01	-4.131948e+01	-1.658052e-02
-5.780000000000000e+01	-4.131457e+01	-1.648543e-02
-5.770000000000000e+01	-4.130966e+01	-1.639034e-02
-5.760000000000000e+01	-4.130475e+01	-1.629525e-02
-5.750000000000000e+01	-4.129984e+01	-1.620016e-02
-5.740000000000000e+01	-4.129493e+01	-1.610507e-02
-5.730000000000000e+01	-4.129002e+01	-1.600998e-02
-5.720000000000000e+01	-4.128510e+01	-1.591490e-02
-5.710000000000000e+01	-4.128019e+01	-1.581981e-02
-5.700000000000000e+01	-4.127527e+01	-1.572473e-02
-5.690000000000000e+01	-4.127036e+01	-1.562965e-02
-5.680000000000000e+01	-4.126544e+01	-1.553456e-02
-5.670000000000000e+01	-4.126052e+01	-1.543948e-02
-5.660000000000000e+01	-4.125560e+01	-1.534440e-02
-5.650000000000000e+01	-4.125068e+01	-1.524932e-02
-5.640000000000000e+01	-4.124576e+01	-1.515424e-02
-5.630000000000000e+01	-4.124084e+01	-1.505916e-02
-5.620000000000000e+01	-4.123591e+01	-1.496409e-02
-5.610000000000000e+01	-4.123099e+01	-1.486901e-02
-5.600000000000000e+01	-4.122607e+01	-1.477394e-02
-5.590000000000000e+01	-4.122114e+01	-1.467886e-02
-5.580000000000000e+01	-4.121621e+01	-1.458379e-02
-5.570000000000000e+01	-4.121128e+01	-1.448872e-02
-5.560000000000000e+01	-4.120636e+01	-1.439365e-02
-5.550000000000000e+01	-4.120142e+01	-1.429858e-02
-5.540000000000000e+01	-4.119649e+01	-1.420351e-02
-5.530000000000000e+01	-4.119156e+01	-1.410844e-02
-5.520000000000000e+01	-4.118663e+01	-1.401337e-02
-5.510000000000000e+01	-4.118169e+01	-1.391831e-02
-5.500000000000000e+01	-4.117676e+01	-1.382324e-02
-5.490000000000000e+01	-4.117182e+01	-1.372818e-02
-5.480000000000000e+01	-4.116688e+01	-1.363312e-02
-5.470000000000000e+01	-4.116194e+01	-1.353806e-02
-5.460000000000000e+01	-4.115700e+01	-1.344300e-02
-5.450000000000000e+01	-4.115206e+01	-1.334794e-02
-5.440000000000000e+01	-4.114712e+01	-1.325288e-02
-5.430000000000000e+01	-4.114217e+01	-1.315783e-02
-5.420000000000000e+01	-4.113723e+01	-1.306277e-02
-5.410000000000000e+01	-4.113228e+01	-1.296772e-02
-5.400000000000000e+01	-4.112733e+01	-1.287267e-02
-5.390000000000000e+01	-4.112238e+01	-1.277762e-02
-5.380000000000000e+01	-4.111743e+01	-1.268257e-02
-5.370000000000000e+01	-4.111248e+01	-1.258752e-02
-5.360000000000000e+01	-4.110752e+01	-1.249248e-02
-5.350000000000000e+01	-4.110257e+01	-1.239743e-02
-5.340000000000000e+01	-4.109761e+01	-1.230239e-02
-5.330000000000000e+01	-4.109266e+01	-1.220734e-02
-5.320000000000000e+01	-4.108770e+01	-1.211230e-02
-5.310000000000000e+01	-4.108273e+01	-1.201726e-02
-5.300000000000000e+01	-4.107777e+01	-1.192223e-02
-5.290000000000000e+01	-4.107281e+01	-1.182719e-02
-5.280000000000000e+01	-4.106784e+01	-1.173216e-02
-5.270000000000000e+01	-4.106287e+01	-1.163713e-02
-5.260000000000000e+01	-4.105791e+01	-1.154209e-02
-5.250000000000000e+01	-4.105294e+01	-1.144706e-02
-5.240000000000000e+01	-4.104796e+01	-1.135204e-02
-5.230000000000000e+01	-4.104299e+01	-1.125701e-02
-5.220000000000000e+01	-4.103801e+01	-1.116199e-02
-5.210000000000000e+01	-4.103304e+01	-1.106696e-02
-5.200000000000000e+01	-4.102806e+01	-1.097194e-02
-5.190000000000000e+01	-4.102308e+01	-1.087692e-02
-5.180000000000000e+01	-4.101809e+01	-1.078191e-02
-5.170000000000000e+01	-4.101311e+01	-1.068689e-02
-5.160000000000000e+01	-4.100812e+01	-1.059188e-02
-5.150000000000000e+01	-4.100313e+01	-1.049687e-02
-5.140000000000000e+01	-4.099814e+01	-1.040186e-02
-5.130000000000000e+01	-4.099315e+01	-1.030685e-02
-5.120000000000000e+01	-4.098815e+01	-1.021185e-02
-5.110000000000000e+01	-4.098315e+01	-1.011685e-02
-5.100000000000000e+01	-4.097816e+01	-1.002184e-02
-5.090000000000000e+01	-4.097315e+01	-9.926846e-03
-5.080000000000000e+01	-4.096815e+01	-9.831850e-03
-5.070000000000000e+01	-4.096314e+01	-9.736856e-03
-5.060000000000000e+01	-4.095813e+01	-9.641864e-03
-5.050000000000000e+01	-4.095312e+01	-9.546876e-03
-5.040000000000000e+01	-4.094811e+01	-9.451889e-03
-5.030000000000000e+01	-4.094310e+01	-9.356905e-03
-5.020000000000000e+01	-4.093808e+01	-9.261923e-03
-5.010000000000000e+01	-4.093306e+01	-9.166944e-03
-5.000000000000000e+01	-4.092803e+01	-9.071968e-03
-4.990000000000000e+01	-4.092301e+01	-8.976994e-03
-4.980000000000000e+01	-4.091798e+01	-8.882022e-03
-4.970000000000000e+01	-4.091294e+01	-8.787055e-03
-4.960000000000000e+01	-4.090791e+01	-8.692089e-03
-4.950000000000000e+01	-4.090287e+01	-8.597127e-03
-4.940000000000000e+01	-4.089783e+01	-8.502168e-03
-4.930000000000000e+01	-4.089279e+01	-8.407211e-03
-4.920000000000000e+01	-4.088774e+01	-8.312258e-03
-4.910000000000000e+01	-4.088269e+01	-8.217308e-03
-4.900000000000000e+01	-4.087764e+01	-8.122361e-03
-4.890000000000000e+01	-4.087258e+01	-8.027418e-03
-4.880000000000000e+01	-4.086752e+01	-7.932478e-03
-4.870000000000000e+01	-4.086246e+01	-7.837541e-03
-4.860000000000000e+01	-4.085739e+01	-7.742609e-03
-4.850000000000000e+01	-4.085232e+01	-7.647680e-03
-4.840000000000000e+01	-4.084724e+01	-7.552754e-03
-4.830000000000000e+01	-4.084217e+01	-7.457833e-03
-4.820000000000000e+01	-4.083709e+01	-7.362916e-03
-4.810000000000000e+01	-4.083200e+01	-7.268002e-03
-4.800000000000000e+01	-4.082691e+01	-7.173093e-03
-4.790000000000000e+01	-4.082181e+01	-7.078188e-03
-4.780000000000000e+01	-4.081671e+01	-6.983288e-03
-4.770000000000000e+01	-4.081161e+01	-6.888391e-03
-4.760000000000000e+01	-4.080650e+01	-6.793500e-03
-4.750000000000000e+01	-4.080139e+01	-6.698614e-03
-4.740000000000000e+01	-4.079627e+01	-6.603732e-03
-4.730000000000000e+01	-4.079115e+01	-6.508856e-03
-4.720000000000000e+01	-4.078601e+01	-6.413985e-03
-4.710000000000000e+01	-4.078088e+01	-6.319119e-03
-4.700000000000000e+01	-4.077574e+01	-6.224258e-03
-4.690000000000000e+01	-4.077060e+01	-6.129404e-03
-4.680000000000000e+01	-4.076545e+01	-6.034555e-03
-4.670000000000000e+01	-4.076029e+01	-5.939712e-03
-4.660000000000000e+01	-4.075512e+01	-5.844876e-03
-4.650000000000000e+01	-4.074995e+01	-5.750046e-03
-4.640000000000000e+01	-4.074478e+01	-5.655222e-03
-4.630000000000000e+01	-4.073959e+01	-5.560406e-03
-4.620000000000000e+01	-4.073440e+01	-5.465596e-03
-4.610000000000000e+01	-4.072921e+01	-5.370794e-03
-4.600000000000000e+01	-4.072400e+01	-5.276000e-03
-4.590000000000000e+01	-4.071878e+01	-5.181214e-03
-4.580000000000000e+01	-4.071357e+01	-5.086436e-03
-4.570000000000000e+01	-4.070833e+01	-4.991666e-03
-4.560000000000000e+01	-4.070309e+01	-4.896905e-03
-4.550000000000000e+01	-4.069785e+01	-4.802154e-03
-4.540000000000000e+01	-4.069259e+01	-4.707412e-03
-4.530000000000000e+01	-4.068732e+01	-4.612680e-03
-4.520000000000000e+01	-4.068204e+01	-4.517958e-03
-4.510000000000000e+01	-4.067675e+01	-4.423247e-03
-4.500000000000000e+01	-4.067145e+01	-4.328547e-03
-4.490000000000000e+01	-4.066614e+01	-4.233859e-03
-4.480000000000000e+01	-4.066082e+01	-4.139183e-03
-4.470000000000000e+01	-4.065548e+01	-4.044520e-03
-4.460000000000000e+01	-4.065013e+01	-3.949871e-03
-4.450000000000000e+01	-4.064476e+01	-3.855235e-03
-4.440000000000000e+01	-4.063939e+01	-3.760614e-03
-4.430000000000000e+01	-4.063399e+01	-3.666009e-03
-4.420000000000000e+01	-4.062858e+01	-3.571420e-03
-4.410000000000000e+01	-4.062315e+01	-3.476849e-03
-4.400000000000000e+01	-4.061771e+01	-3.382295e-03
-4.390000000000000e+01	-4.061224e+01	-3.287761e-03
-4.380000000000000e+01	-4.060675e+01	-3.193246e-03
-4.370000000000000e+01	-4.060125e+01	-3.098754e-03
-4.359999999999999e+01	-4.059572e+01	-3.004283e-03
-4.350000000000000e+01	-4.059016e+01	-2.909838e-03
-4.340000000000000e+01	-4.058458e+01	-2.815417e-03
-4.330000000000000e+01	-4.057898e+01	-2.721025e-03
-4.320000000000000e+01	-4.057334e+01	-2.626662e-03
-4.309999999999999e+01	-4.056767e+01	-2.532330e-03
-4.300000000000000e+01	-4.056197e+01	-2.438032e-03
-4.290000000000000e+01	-4.055623e+01	-2.343771e-03
-4.280000000000000e+01	-4.055045e+01	-2.249549e-03
-4.270000000000000e+01	-4.054463e+01	-2.155370e-03
-4.259999999999999e+01	-4.053876e+01	-2.061238e-03
-4.250000000000000e+01	-4.053284e+01	-1.967157e-03
-4.240000000000000e+01	-4.052687e+01	-1.873131e-03
-4.230000000000000e+01	-4.052083e+01	-1.779166e-03
-4.220000000000000e+01	-4.051473e+01	-1.685270e-03
-4.209999999999999e+01	-4.050855e+01	-1.591449e-03
-4.200000000000000e+01	-4.050229e+01	-1.497713e-03
-4.190000000000000e+01	-4.049593e+01	-1.404071e-03
-4.180000000000000e+01	-4.048946e+01	-1.310538e-03
-4.170000000000000e+01	-4.048287e+01	-1.217128e-03
-4.159999999999999e+01	-4.047614e+01	-1.123861e-03
-4.150000000000000e+01	-4.046924e+01	-1.030761e-03
-4.140000000000000e+01	-4.046214e+01	-9.378575e-04
-4.130000000000000e+01	-4.045481e+01	-8.451907e-04
-4.120000000000000e+01	-4.044719e+01	-7.528131e-04
-4.109999999999999e+01	-4.043921e+01	-6.607967e-04
-4.100000000000000e+01	-4.043076e+01	-5.692437e-04
-4.090000000000000e+01	-4.042170e+01	-4.783061e-04
-4.080000000000000e+01	-4.041178e+01	-3.882223e-04
-4.070000000000000e+01	-4.040060e+01	-2.993968e-04
-4.059999999999999e+01	-4.038741e+01	-2.125901e-04
-4.050000000000000e+01	-4.037029e+01	-1.297150e-04
-4.040000000000000e+01	-4.034435e+01	-5.565655e-05
-4.030000000000000e+01	-4.029105e+01	-8.952971e-06
-4.020000000000000e+01	-4.019841e+01	-1.591502e-06
-4.009999999999999e+01	-4.009862e+01	-1.382054e-06
-4.000000000000000e+01	-3.999862e+01	-1.377865e-06
-3.990000000000000e+01	-3.989862e+01	-1.377772e-06
-3.980000000000000e+01	-3.979862e+01	-1.377770e-06
-3.970000000000000e+01	-3.969862e+01	-1.377770e-06
-3.959999999999999e+01	-3.959862e+01	-1.377770e-06
-3.950000000000000e+01	-3.949862e+01	-1.377770e-06
-3.940000000000000e+01	-3.939862e+01	-1.377769e-06
-3.930000000000000e+01	-3.929862e+01	-1.377769e-06
-3.920000000000000e+01	-3.919862e+01	-1.377769e-06
-3.909999999999999e+01	-3.909862e+01	-1.377769e-06
-3.900000000000000e+01	-3.899862e+01	-1.377769e-06
-3.890000000000000e+01	-3.889862e+01	-1.377769e-06
-3.880000000000000e+01	-3.879862e+01	-1.377769e-06
-3.870000000000000e+01	-3.869862e+01	-1.377769e-06
-3.859999999999999e+01	-3.859862e+01	-1.377769e-06
-3.850000000000000e+01	-3.849862e+01	-1.377769e-06
-3.840000000000000e+01	-3.839862e+01	-1.377768e-06
-3.830000000000000e+01	-3.829862e+01	-1.377768e-06
-3.820000000000000e+01	-3.819862e+01	-1.377768e-06
-3.809999999999999e+01	-3.809862e+01	-1.377768e-06
-3.800000000000000e+01	-3.799862e+01	-1.377768e-06
-3.790000000000000e+01	-3.789862e+01	-1.377768e-06
-3.780000000000000e+01	-3.779862e+01	-1.377768e-06
-3.770000000000000e+01	-3.769862e+01	-1.377768e-06
-3.759999999999999e+01	-3.759862e+01	-1.377768e-06
-3.750000000000000e+01	-3.749862e+01	-1.377767e-06
-3.740000000000000e+01	-3.739862e+01	-1.377767e-06
-3.730000000000000e+01	-3.729862e+01	-1.377767e-06
-3.720000000000000e+01	-3.719862e+01	-1.377767e-06
-3.709999999999999e+01	-3.709862e+01	-1.377767e-06
-3.700000000000000e+01	-3.699862e+01	-1.377767e-06
-3.690000000000000e+01	-3.689862e+01	-1.377767e-06
-3.680000000000000e+01	-3.679862e+01	-1.377767e-06
-3.670000000000000e+01	-3.669862e+01	-1.377767e-06
-3.659999999999999e+01	-3.659862e+01	-1.377767e-06
-3.650000000000000e+01	-3.649862e+01	-1.377766e-06
-3.640000000000000e+01	-3.639862e+01	-1.377766e-06
-3.630000000000000e+01	-3.629862e+01	-1.377766e-06
-3.620000000000000e+01	-3.619862e+01	-1.377766e-06
-3.609999999999999e+01	-3.609862e+01	-1.377766e-06
-3.600000000000000e+01	-3.599862e+01	-1.377766e-06
-3.590000000000000e+01	-3.589862e+01	-1.377766e-06
-3.580000000000000e+01	-3.579862e+01	-1.377766e-06
-3.570000000000000e+01	-3.569862e+01	-1.377766e-06
-3.559999999999999e+01	-3.559862e+01	-1.377766e-06
-3.550000000000000e+01	-3.549862e+01	-1.377765e-06
-3.540000000000000e+01	-3.539862e+01	-1.377765e-06
-3.530000000000000e+01	-3.529862e+01	-1.377765e-06
-3.520000000000000e+01	-3.519862e+01	-1.377765e-06
-3.509999999999999e+01	-3.509862e+01	-1.377765e-06
-3.500000000000000e+01	-3.499862e+01	-1.377765e-06
-3.490000000000000e+01	-3.489862e+01	-1.377765e-06
-3.480000000000000e+01	-3.479862e+01	-1.377765e-06
-3.470000000000000e+01	-3.469862e+01	-1.377765e-06
-3.459999999999999e+01	-3.459862e+01	-1.377765e-06
-3.450000000000000e+01	-3.449862e+01	-1.377765e-06
-3.440000000000000e+01	-3.439862e+01	-1.377764e-06
-3.430000000000000e+01	-3.429862e+01	-1.377764e-06
-3.420000000000000e+01	-3.419862e+01	-1.377764e-06
-3.409999999999999e+01	-3.409862e+01	-1.377764e-06
-3.400000000000000e+01	-3.399862e+01	-1.377764e-06
-3.390000000000000e+01	-3.389862e+01	-1.377764e-06
-3.380000000000000e+01	-3.379862e+01	-1.377764e-06
-3.370000000000000e+01	-3.369862e+01	-1.377764e-06
-3.359999999999999e+01	-3.359862e+01	-1.377764e-06
-3.350000000000000e+01	-3.349862e+01	-1.377764e-06
-3.340000000000000e+01	-3.339862e+01	-1.377763e-06
-3.330000000000000e+01	-3.329862e+01	-1.377763e-06
-3.320000000000000e+01	-3.319862e+01	-1.377763e-06
-3.309999999999999e+01	-3.309862e+01	-1.377763e-06
-3.300000000000000e+01	-3.299862e+01	-1.377763e-06
-3.290000000000000e+01	-3.289862e+01	-1.377763e-06
-3.280000000000000e+01	-3.279862e+01	-1.377763e-06
-3.270000000000000e+01	-3.269862e+01	-1.377763e-06
-3.259999999999999e+01	-3.259862e+01	-1.377763e-06
-3.250000000000000e+01	-3.249862e+01	-1.377762e-06
-3.240000000000000e+01	-3.239862e+01	-1.377762e-06
-3.230000000000000e+01	-3.229862e+01	-1.377762e-06
-3.220000000000000e+01	-3.219862e+01	-1.377762e-06
-3.209999999999999e+01	-3.209862e+01	-1.377762e-06
-3.200000000000000e+01	-3.199862e+01	-1.377762e-06
-3.190000000000000e+01	-3.189862e+01	-1.377762e-06
-3.180000000000000e+01	-3.179862e+01	-1.377762e-06
-3.170000000000000e+01	-3.169862e+01	-1.377762e-06
-3.160000000000000e+01	-3.159862e+01	-1.377762e-06
-3.150000000000000e+01	-3.149862e+01	-1.377761e-06
-3.140000000000000e+01	-3.139862e+01	-1.377761e-06
-3.130000000000000e+01	-3.129862e+01	-1.377761e-06
-3.120000000000000e+01	-3.119862e+01	-1.377761e-06
-3.110000000000000e+01	-3.109862e+01	-1.377761e-06
-3.100000000000000e+01	-3.099862e+01	-1.377761e-06
-3.090000000000000e+01	-3.089862e+01	-1.377761e-06
-3.080000000000000e+01	-3.079862e+01	-1.377761e-06
-3.070000000000000e+01	-3.069862e+01	-1.377761e-06
-3.060000000000000e+01	-3.059862e+01	-1.377761e-06
-3.050000000000000e+01	-3.049862e+01	-1.377761e-06
-3.040000000000000e+01	-3.039862e+01	-1.377760e-06
-3.030000000000000e+01	-3.029862e+01	-1.377760e-06
-3.020000000000000e+01	-3.019862e+01	-1.377760e-06
-3.010000000000000e+01	-3.009862e+01	-1.377760e-06
-3.000000000000000e+01	-2.999862e+01	-1.377760e-06
-2.990000000000000e+01	-2.989862e+01	-1.377760e-06
-2.980000000000000e+01	-2.979862e+01	-1.377760e-06
-2.970000000000000e+01	-2.969862e+01	-1.377760e-06
-2.960000000000000e+01	-2.959862e+01	-1.377760e-06
-2.950000000000000e+01	-2.949862e+01	-1.377760e-06
-2.940000000000000e+01	-2.939862e+01	-1.377759e-06
-2.930000000000000e+01	-2.929862e+01	-1.377759e-06
-2.920000000000000e+01	-2.919862e+01	-1.377759e-06
-2.910000000000000e+01	-2.909862e+01	-1.377759e-06
-2.900000000000000e+01	-2.899862e+01	-1.377759e-06
-2.890000000000000e+01	-2.889862e+01	-1.377759e-06
-2.880000000000000e+01	-2.879862e+01	-1.377759e-06
-2.870000000000000e+01	-2.869862e+01	-1.377759e-06
-2.860000000000000e+01	-2.859862e+01	-1.377759e-06
-2.850000000000000e+01	-2.849862e+01	-1.377759e-06
-2.840000000000000e+01	-2.839862e+01	-1.377758e-06
-2.830000000000000e+01	-2.829862e+01	-1.377758e-06
-2.820000000000000e+01	-2.819862e+01	-1.377758e-06
-2.810000000000000e+01	-2.809862e+01	-1.377758e-06
-2.800000000000000e+01	-2.799862e+01	-1.377758e-06
-2.790000000000000e+01	-2.789862e+01	-1.377758e-06
-2.780000000000000e+01	-2.779862e+01	-1.377758e-06
-2.770000000000000e+01	-2.769862e+01	-1.377758e-06
-2.760000000000000e+01	-2.759862e+01	-1.377758e-06
-2.750000000000000e+01	-2.749862e+01	-1.377757e-06
-2.740000000000000e+01	-2.739862e+01	-1.377757e-06
-2.730000000000000e+01	-2.729862e+01	-1.377757e-06
-2.720000000000000e+01	-2.719862e+01	-1.377757e-06
-2.710000000000000e+01	-2.709862e+01	-1.377757e-06
-2.700000000000000e+01	-2.699862e+01	-1.377757e-06
-2.690000000000000e+01	-2.689862e+01	-1.377757e-06
-2.680000000000000e+01	-2.679862e+01	-1.377757e-06
-2.670000000000000e+01	-2.669862e+01	-1.377757e-06
-2.660000000000000e+01	-2.659862e+01	-1.377757e-06
-2.650000000000000e+01	-2.649862e+01	-1.377756e-06
-2.640000000000000e+01	-2.639862e+01	-1.377756e-06
-2.630000000000000e+01	-2.629862e+01	-1.377756e-06
-2.620000000000000e+01	-2.619862e+01	-1.377756e-06
-2.610000000000000e+01	-2.609862e+01	-1.377756e-06
-2.600000000000000e+01	-2.599862e+01	-1.377756e-06
-2.590000000000000e+01	-2.589862e+01	-1.377756e-06
-2.580000000000000e+01	-2.579862e+01	-1.377756e-06
-2.570000000000000e+01	-2.569862e+01	-1.377756e-06
-2.560000000000000e+01	-2.559862e+01	-1.377756e-06
-2.550000000000000e+01	-2.549862e+01	-1.377756e-06
-2.540000000000000e+01	-2.539862e+01	-1.377755e-06
-2.530000000000000e+01	-2.529862e+01	-1.377755e-06
-2.520000000000000e+01	-2.519862e+01	-1.377755e-06
-2.510000000000000e+01	-2.509862e+01	-1.377755e-06
-2.500000000000000e+01	-2.499862e+01	-1.377755e-06
-2.490000000000000e+01	-2.489862e+01	-1.377755e-06
-2.480000000000000e+01	-2.479862e+01	-1.377755e-06
-2.470000000000000e+01	-2.469862e+01	-1.377755e-06
-2.460000000000000e+01	-2.459862e+01	-1.377755e-06
-2.450000000000000e+01	-2.449862e+01	-1.377755e-06
-2.440000000000000e+01	-2.439862e+01	-1.377754e-06
-2.430000000000000e+01	-2.429862e+01	-1.377754e-06
-2.420000000000000e+01	-2.419862e+01	-1.377754e-06
-2.410000000000000e+01	-2.409862e+01	-1.377754e-06
-2.400000000000000e+01	-2.399862e+01	-1.377754e-06
-2.390000000000000e+01	-2.389862e+01	-1.377754e-06
-2.380000000000000e+01	-2.379862e+01	-1.377754e-06
-2.370000000000000e+01	-2.369862e+01	-1.377754e-06
-2.360000000000000e+01	-2.359862e+01	-1.377754e-06
-2.350000000000000e+01	-2.349862e+01	-1.377754e-06
-2.340000000000000e+01	-2.339862e+01	-1.377753e-06
-2.330000000000000e+01	-2.329862e+01	-1.377753e-06
-2.320000000000000e+01	-2.319862e+01	-1.377753e-06
-2.310000000000000e+01	-2.309862e+01	-1.377753e-06
-2.300000000000000e+01	-2.299862e+01	-1.377753e-06
-2.290000000000000e+01	-2.289862e+01	-1.377753e-06
-2.280000000000000e+01	-2.279862e+01	-1.377753e-06
-2.270000000000000e+01	-2.269862e+01	-1.377753e-06
-2.260000000000000e+01	-2.259862e+01	-1.377753e-06
-2.250000000000000e+01	-2.249862e+01	-1.377752e-06
-2.240000000000000e+01	-2.239862e+01	-1.377752e-06
-2.230000000000000e+01	-2.229862e+01	-1.377752e-06
-2.220000000000000e+01	-2.219862e+01	-1.377752e-06
-2.210000000000000e+01	-2.209862e+01	-1.377752e-06
-2.200000000000000e+01	-2.199862e+01	-1.377752e-06
-2.190000000000000e+01	-2.189862e+01	-1.377752e-06
-2.180000000000000e+01	-2.179862e+01	-1.377752e-06
-2.170000000000000e+01	-2.169862e+01	-1.377752e-06
-2.159999999999999e+01	-2.159862e+01	-1.377752e-06
-2.150000000000000e+01	-2.149862e+01	-1.377751e-06
-2.140000000000000e+01	-2.139862e+01	-1.377751e-06
-2.130000000000000e+01	-2.129862e+01	-1.377751e-06
-2.120000000000000e+01	-2.119862e+01	-1.377751e-06
-2.109999999999999e+01	-2.109862e+01	-1.377751e-06
-2.100000000000000e+01	-2.099862e+01	-1.377751e-06
-2.090000000000000e+01	-2.089862e+01	-1.377751e-06
-2.080000000000000e+01	-2.079862e+01	-1.377751e-06
-2.070000000000000e+01	-2.069862e+01	-1.377751e-06
-2.059999999999999e+01	-2.059862e+01	-1.377751e-06
-2.050000000000000e+01	-2.049862e+01	-1.377751e-06
-2.040000000000000e+01	-2.039862e+01	-1.377750e-06
-2.030000000000000e+01	-2.029862e+01	-1.377750e-06
-2.020000000000000e+01	-2.019862e+01	-1.377750e-06
-2.009999999999999e+01	-2.009862e+01	-1.377750e-06
-2.000000000000000e+01	-1.999862e+01	-1.377750e-06
-1.990000000000000e+01	-1.989862e+01	-1.377750e-06
-1.980000000000000e+01	-1.979862e+01	-1.377750e-06
-1.970000000000000e+01	-1.969862e+01	-1.377750e-06
-1.959999999999999e+01	-1.959862e+01	-1.377750e-06
-1.950000000000000e+01	-1.949862e+01	-1.377750e-06
-1.940000000000000e+01	-1.939862e+01	-1.377749e-06
-1.930000000000000e+01	-1.929862e+01	-1.377749e-06
-1.920000000000000e+01	-1.919862e+01	-1.377749e-06
-1.909999999999999e+01	-1.909862e+01	-1.377749e-06
-1.900000000000000e+01	-1.899862e+01	-1.377749e-06
-1.890000000000000e+01	-1.889862e+01	-1.377749e-06
-1.880000000000000e+01	-1.879862e+01	-1.377749e-06
-1.870000000000000e+01	-1.869862e+01	-1.377749e-06
-1.859999999999999e+01	-1.859862e+01	-1.377749e-06
-1.850000000000000e+01	-1.849862e+01	-1.377749e-06
-1.840000000000000e+01	-1.839862e+01	-1.377748e-06
-1.830000000000000e+01	-1.829862e+01	-1.377748e-06
-1.820000000000000e+01	-1.819862e+01	-1.377748e-06
-1.809999999999999e+01	-1.809862e+01	-1.377748e-06
-1.800000000000000e+01	-1.799862e+01	-1.377748e-06
-1.790000000000000e+01	-1.789862e+01	-1.377748e-06
-1.780000000000000e+01	-1.779862e+01	-1.377748e-06
-1.770000000000000e+01	-1.769862e+01	-1.377748e-06
-1.759999999999999e+01	-1.759862e+01	-1.377748e-06
-1.750000000000000e+01	-1.749862e+01	-1.377747e-06
-1.740000000000000e+01	-1.739862e+01	-1.377747e-06
-1.730000000000000e+01	-1.729862e+01	-1.377747e-06
-1.720000000000000e+01	-1.719862e+01	-1.377747e-06
-1.709999999999999e+01	-1.709862e+01	-1.377747e-06
-1.700000000000000e+01	-1.699862e+01	-1.377747e-06
-1.690000000000000e+01	-1.689862e+01	-1.377747e-06
-1.680000000000000e+01	-1.679862e+01	-1.377747e-06
-1.670000000000000e+01	-1.669862e+01	-1.377747e-06
-1.659999999999999e+01	-1.659862e+01	-1.377747e-06
-1.650000000000000e+01	-1.649862e+01	-1.377746e-06
-1.640000000000000e+01	-1.639862e+01	-1.377746e-06
-1.630000000000000e+01	-1.629862e+01	-1.377746e-06
-1.620000000000000e+01	-1.619862e+01	-1.377746e-06
-1.609999999999999e+01	-1.609862e+01	-1.377746e-06
-1.600000000000000e+01	-1.599862e+01	-1.377746e-06
-1.590000000000000e+01	-1.589862e+01	-1.377746e-06
-1.580000000000000e+01	-1.579862e+01	-1.377746e-06
-1.570000000000000e+01	-1.569862e+01	-1.377746e-06
-1.559999999999999e+01	-1.559862e+01	-1.377746e-06
-1.550000000000000e+01	-1.549862e+01	-1.377746e-06
-1.540000000000000e+01	-1.539862e+01	-1.377745e-06
-1.530000000000000e+01	-1.529862e+01	-1.377745e-06
-1.520000000000000e+01	-1.519862e+01	-1.377745e-06
-1.509999999999999e+01	-1.509862e+01	-1.377745e-06
-1.500000000000000e+01	-1.499862e+01	-1.377745e-06
-1.490000000000000e+01	-1.489862e+01	-1.377745e-06
-1.480000000000000e+01	-1.479862e+01	-1.377745e-06
-1.470000000000000e+01	-1.469862e+01	-1.377745e-06
-1.459999999999999e+01	-1.459862e+01	-1.377745e-06
-1.450000000000000e+01	-1.449862e+01	-1.377745e-06
-1.440000000000000e+01	-1.439862e+01	-1.377744e-06
-1.430000000000000e+01	-1.429862e+01	-1.377744e-06
-1.420000000000000e+01	-1.419862e+01	-1.377744e-06
-1.409999999999999e+01	-1.409862e+01	-1.377744e-06
-1.400000000000000e+01	-1.399862e+01	-1.377744e-06
-1.390000000000000e+01	-1.389862e+01	-1.377744e-06
-1.380000000000000e+01	-1.379862e+01	-1.377744e-06
-1.370000000000000e+01	-1.369862e+01	-1.377744e-06
-1.359999999999999e+01	-1.359862e+01	-1.377744e-06
-1.350000000000000e+01	-1.349862e+01	-1.377744e-06
-1.340000000000000e+01	-1.339862e+01	-1.377743e-06
-1.330000000000000e+01	-1.329862e+01	-1.377743e-06
-1.320000000000000e+01	-1.319862e+01	-1.377743e-06
-1.309999999999999e+01	-1.309862e+01	-1.377743e-06
-1.300000000000000e+01	-1.299862e+01	-1.377743e-06
-1.290000000000000e+01	-1.289862e+01	-1.377743e-06
-1.280000000000000e+01	-1.279862e+01	-1.377743e-06
-1.270000000000000e+01	-1.269862e+01	-1.377743e-06
-1.259999999999999e+01	-1.259862e+01	-1.377743e-06
-1.250000000000000e+01	-1.249862e+01	-1.377742e-06
-1.240000000000000e+01	-1.239862e+01	-1.377742e-06
-1.230000000000000e+01	-1.229862e+01	-1.377742e-06
-1.220000000000000e+01	-1.219862e+01	-1.377742e-06
-1.209999999999999e+01	-1.209862e+01	-1.377742e-06
-1.200000000000000e+01	-1.199862e+01	-1.377742e-06
-1.190000000000000e+01	-1.189862e+01	-1.377742e-06
-1.180000000000000e+01	-1.179862e+01	-1.377742e-06
-1.170000000000000e+01	-1.169862e+01	-1.377742e-06
-1.159999999999999e+01	-1.159862e+01	-1.377742e-06
-1.150000000000000e+01	-1.149862e+01	-1.377741e-06
-1.140000000000000e+01	-1.139862e+01	-1.377741e-06
-1.130000000000000e+01	-1.129862e+01	-1.377741e-06
-1.120000000000000e+01	-1.119862e+01	-1.377741e-06
-1.109999999999999e+01	-1.109862e+01	-1.377741e-06
-1.100000000000000e+01	-1.099862e+01	-1.377741e-06
-1.090000000000000e+01	-1.089862e+01	-1.377741e-06
-1.080000000000000e+01	-1.079862e+01	-1.377741e-06
-1.070000000000000e+01	-1.069862e+01	-1.377741e-06
-1.059999999999999e+01	-1.059862e+01	-1.377741e-06
-1.050000000000000e+01	-1.049862e+01	-1.377741e-06
-1.040000000000000e+01	-1.039862e+01	-1.377740e-06
-1.030000000000000e+01	-1.029862e+01	-1.377740e-06
-1.020000000000000e+01	-1.019862e+01	-1.377740e-06
-1.009999999999999e+01	-1.009862e+01	-1.377740e-06
-1.000000000000000e+01	-9.998622e+00	-1.377740e-06
-9.899999999999999e+00	-9.898623e+00	-1.377740e-06
-9.799999999999997e+00	-9.798622e+00	-1.377740e-06
-9.699999999999996e+00	-9.698623e+00	-1.377740e-06
-9.599999999999994e+00	-9.598622e+00	-1.377740e-06
-9.500000000000000e+00	-9.498622e+00	-1.377740e-06
-9.399999999999999e+00	-9.398623e+00	-1.377739e-06
-9.299999999999997e+00	-9.298622e+00	-1.377739e-06
-9.199999999999996e+00	-9.198623e+00	-1.377739e-06
-9.099999999999994e+00	-9.098622e+00	-1.377739e-06
-9.000000000000000e+00	-8.998622e+00	-1.377739e-06
-8.899999999999999e+00	-8.898623e+00	-1.377739e-06
-8.799999999999997e+00	-8.798622e+00	-1.377739e-06
-8.699999999999996e+00	-8.698623e+00	-1.377739e-06
-8.599999999999994e+00	-8.598622e+00	-1.377739e-06
-8.500000000000000e+00	-8.498622e+00	-1.377738e-06
-8.399999999999999e+00	-8.398623e+00	-1.377738e-06
-8.299999999999997e+00	-8.298622e+00	-1.377738e-06
-8.199999999999996e+00	-8.198623e+00	-1.377738e-06
-8.099999999999994e+00	-8.098622e+00	-1.377738e-06
-8.000000000000000e+00	-7.998622e+00	-1.377738e-06
-7.899999999999999e+00	-7.898622e+00	-1.377738e-06
-7.799999999999997e+00	-7.798622e+00	-1.377738e-06
-7.699999999999996e+00	-7.698622e+00	-1.377738e-06
-7.599999999999994e+00	-7.598622e+00	-1.377738e-06
-7.500000000000000e+00	-7.498622e+00	-1.377737e-06
-7.399999999999999e+00	-7.398622e+00	-1.377737e-06
-7.299999999999997e+00	-7.298622e+00	-1.377737e-06
-7.199999999999996e+00	-7.198622e+00	-1.377737e-06
-7.099999999999994e+00	-7.098622e+00	-1.377737e-06
-7.000000000000000e+00	-6.998622e+00	-1.377737e-06
-6.899999999999999e+00	-6.898622e+00	-1.377737e-06
-6.799999999999997e+00	-6.798622e+00	-1.377737e-06
-6.699999999999996e+00	-6.698622e+00	-1.377737e-06
-6.599999999999994e+00	-6.598622e+00	-1.377737e-06
-6.500000000000000e+00	-6.498622e+00	-1.377736e-06
-6.399999999999999e+00	-6.398622e+00	-1.377736e-06
-6.299999999999997e+00	-6.298622e+00	-1.377736e-06
-6.199999999999996e+00	-6.198622e+00	-1.377736e-06
-6.099999999999994e+00	-6.098622e+00	-1.377736e-06
-6.000000000000000e+00	-5.998622e+00	-1.377736e-06
-5.899999999999999e+00	-5.898622e+00	-1.377736e-06
-5.799999999999997e+00	-5.798622e+00	-1.377736e-06
-5.699999999999996e+00	-5.698622e+00	-1.377736e-06
-5.599999999999994e+00	-5.598622e+00	-1.377736e-06
-5.500000000000000e+00	-5.498622e+00	-1.377736e-06
-5.399999999999999e+00	-5.398622e+00	-1.377735e-06
-5.299999999999997e+00	-5.298622e+00	-1.377735e-06
-5.199999999999996e+00	-5.198622e+00	-1.377735e-06
-5.099999999999994e+00	-5.098622e+00	-1.377735e-06
-5.000000000000000e+00	-4.998622e+00	-1.377735e-06
-4.899999999999999e+00	-4.898622e+00	-1.377735e-06
-4.799999999999997e+00	-4.798622e+00	-1.377735e-06
-4.699999999999996e+00	-4.698622e+00	-1.377735e-06
-4.599999999999994e+00	-4.598622e+00	-1.377735e-06
-4.500000000000000e+00	-4.498622e+00	-1.377735e-06
-4.399999999999999e+00	-4.398622e+00	-1.377734e-06
-4.299999999999997e+00	-4.298622e+00	-1.377734e-06
-4.199999999999996e+00	-4.198622e+00	-1.377734e-06
-4.099999999999994e+00	-4.098622e+00	-1.377734e-06
-4.000000000000000e+00	-3.998622e+00	-1.377734e-06
-3.899999999999999e+00	-3.898622e+00	-1.377734e-06
-3.799999999999997e+00	-3.798622e+00	-1.377734e-06
-3.699999999999996e+00	-3.698622e+00	-1.377734e-06
-3.599999999999994e+00	-3.598622e+00	-1.377734e-06
-3.500000000000000e+00	-3.498622e+00	-1.377733e-06
-3.399999999999999e+00	-3.398622e+00	-1.377733e-06
-3.299999999999997e+00	-3.298622e+00	-1.377733e-06
-3.199999999999996e+00	-3.198622e+00	-1.377733e-06
-3.099999999999994e+00	-3.098622e+00	-1.377733e-06
-3.000000000000000e+00	-2.998622e+00	-1.377733e-06
-2.899999999999999e+00	-2.898622e+00	-1.377733e-06
-2.799999999999997e+00	-2.798622e+00	-1.377733e-06
-2.699999999999996e+00	-2.698622e+00	-1.377733e-06
-2.599999999999994e+00	-2.598622e+00	-1.377733e-06
-2.500000000000000e+00	-2.498622e+00	-1.377732e-06
-2.399999999999999e+00	-2.398622e+00	-1.377732e-06
-2.299999999999997e+00	-2.298622e+00	-1.377732e-06
-2.199999999999996e+00	-2.198622e+00	-1.377732e-06
-2.099999999999994e+00	-2.098622e+00	-1.377732e-06
-2.000000000000000e+00	-1.998622e+00	-1.377732e-06
-1.899999999999999e+00	-1.898622e+00	-1.377732e-06
-1.799999999999997e+00	-1.798622e+00	-1.377732e-06
-1.699999999999996e+00	-1.698622e+00	-1.377732e-06
-1.599999999999994e+00	-1.598622e+00	-1.377732e-06
-1.500000000000000e+00	-1.498622e+00	-1.377731e-06
-1.399999999999999e+00	-1.398622e+00	-1.377731e-06
-1.299999999999997e+00	-1.298622e+00	-1.377731e-06
-1.199999999999996e+00	-1.198622e+00	-1.377731e-06
-1.099999999999994e+00	-1.098622e+00	-1.377731e-06
-1.000000000000000e+00	-9.986223e-01	-1.377731e-06
-8.999999999999986e-01	-8.986223e-01	-1.377731e-06
-7.999999999999972e-01	-7.986223e-01	-1.377731e-06
-6.999999999999957e-01	-6.986223e-01	-1.377729e-06
-5.999999999999943e-01	-5.986223e-01	-1.377718e-06
-5.000000000000000e-01	-4.986224e-01	-1.377641e-06
-3.999999999999986e-01	-3.986229e-01	-1.377109e-06
-2.999999999999972e-01	-2.986266e-01	-1.373438e-06
-1.999999999999957e-01	-1.986519e-01	-1.348084e-06
-9.999999999999432e-02	-9.882643e-02	-1.173573e-06
0.000000000000000e+00	0.000000e+00	0.000000e+00
1.000000000000014e-01	9.310054e-02	6.899460e-06
2.000000000000028e-01	1.674261e-01	3.257387e-05
3.000000000000043e-01	2.170099e-01	8.299015e-05
4.000000000000057e-01	2.504628e-01	1.495372e-04
5.000000000000000e-01	2.751413e-01	2.248587e-04
6.000000000000014e-01	2.950752e-01	3.049248e-04
7.000000000000028e-01	3.115954e-01	3.884046e-04
8.000000000000043e-01	3.260566e-01	4.739434e-04
9.000000000000057e-01	3.390792e-01	5.609208e-04
1.000000000000000e+00	3.510056e-01	6.489944e-04
1.100000000000001e+00	3.620810e-01	7.379189e-04
1.200000000000003e+00	3.724809e-01	8.275192e-04
1.300000000000004e+00	3.823322e-01	9.176678e-04
1.400000000000006e+00	3.917301e-01	1.008270e-03
1.500000000000000e+00	4.007470e-01	1.099253e-03
1.600000000000001e+00	4.094398e-01	1.190560e-03
1.700000000000003e+00	4.178534e-01	1.282147e-03
1.800000000000004e+00	4.260244e-01	1.373976e-03
1.900000000000006e+00	4.339825e-01	1.466017e-03
2.000000000000000e+00	4.417523e-01	1.558248e-03
2.100000000000001e+00	4.493546e-01	1.650645e-03
2.200000000000003e+00	4.568068e-01	1.743193e-03
2.300000000000004e+00	4.641238e-01	1.835876e-03
2.400000000000006e+00	4.713184e-01	1.928682e-03
2.500000000000000e+00	4.784017e-01	2.021598e-03
2.600000000000001e+00	4.853833e-01	2.114617e-03
2.700000000000003e+00	4.922718e-01	2.207728e-03
2.800000000000004e+00	4.990744e-01	2.300926e-03
2.900000000000006e+00	5.057979e-01	2.394202e-03
3.000000000000000e+00	5.124481e-01	2.487552e-03
3.100000000000001e+00	5.190303e-01	2.580970e-03
3.200000000000003e+00	5.255491e-01	2.674451e-03
3.300000000000004e+00	5.320088e-01	2.767991e-03
3.400000000000006e+00	5.384132e-01	2.861587e-03
3.500000000000000e+00	5.447658e-01	2.955234e-03
3.600000000000001e+00	5.510697e-01	3.048930e-03
3.700000000000003e+00	5.573279e-01	3.142672e-03
3.800000000000004e+00	5.635428e-01	3.236457e-03
3.900000000000006e+00	5.697171e-01	3.330283e-03
4.000000000000000e+00	5.758528e-01	3.424147e-03
4.100000000000009e+00	5.819520e-01	3.518048e-03
4.200000000000003e+00	5.880166e-01	3.611983e-03
4.299999999999997e+00	5.940484e-01	3.705952e-03
4.400000000000006e+00	6.000489e-01	3.799951e-03
4.500000000000000e+00	6.060196e-01	3.893980e-03
4.600000000000009e+00	6.119620e-01	3.988038e-03
4.700000000000003e+00	6.178773e-01	4.082123e-03
4.799999999999997e+00	6.237668e-01	4.176233e-03
4.900000000000006e+00	6.296315e-01	4.270369e-03
5.000000000000000e+00	6.354725e-01	4.364527e-03
5.100000000000009e+00	6.412910e-01	4.458709e-03
5.200000000000003e+00	6.470876e-01	4.552912e-03
5.299999999999997e+00	6.528634e-01	4.647137e-03
5.400000000000006e+00	6.586192e-01	4.741381e-03
5.500000000000000e+00	6.643557e-01	4.835644e-03
5.600000000000009e+00	6.700737e-01	4.929926e-03
5.700000000000003e+00	6.757738e-01	5.024226e-03
5.799999999999997e+00	6.814567e-01	5.118543e-03
5.900000000000006e+00	6.871232e-01	5.212877e-03
6.000000000000000e+00	6.927736e-01	5.307226e-03
6.100000000000009e+00	6.984085e-01	5.401591e-03
6.200000000000003e+00	7.040287e-01	5.495972e-03
6.299999999999997e+00	7.096344e-01	5.590366e-03
6.400000000000006e+00	7.152261e-01	5.684774e-03
6.500000000000000e+00	7.208045e-01	5.779196e-03
6.600000000000009e+00	7.263697e-01	5.873630e-03
6.700000000000003e+00	7.319224e-01	5.968078e-03
6.799999999999997e+00	7.374628e-01	6.062537e-03
6.900000000000006e+00	7.429913e-01	6.157008e-03
7.000000000000000e+00	7.485084e-01	6.251492e-03
7.100000000000009e+00	7.540143e-01	6.345986e-03
7.200000000000003e+00	7.595093e-01	6.440490e-03
7.299999999999997e+00	7.649938e-01	6.535006e-03
7.400000000000006e+00	7.704682e-01	6.629532e-03
7.500000000000000e+00	7.759326e-01	6.724067e-03
7.600000000000009e+00	7.813872e-01	6.818613e-03
7.700000000000003e+00	7.868325e-01	6.913167e-03
7.799999999999997e+00	7.922687e-01	7.007731e-03
7.900000000000006e+00	7.976959e-01	7.102304e-03
8.000000000000000e+00	8.031145e-01	7.196886e-03
8.100000000000009e+00	8.085246e-01	7.291475e-03
8.200000000000003e+00	8.139265e-01	7.386073e-03
8.299999999999997e+00	8.193203e-01	7.480680e-03
8.400000000000006e+00	8.247064e-01	7.575294e-03
8.500000000000000e+00	8.300847e-01	7.669915e-03
8.600000000000009e+00	8.354557e-01	7.764544e-03
8.700000000000003e+00	8.408194e-01	7.859181e-03
8.799999999999997e+00	8.461760e-01	7.953824e-03
8.900000000000006e+00	8.515257e-01	8.048475e-03
9.000000000000000e+00	8.568685e-01	8.143132e-03
9.100000000000009e+00	8.622048e-01	8.237795e-03
9.200000000000003e+00	8.675346e-01	8.332466e-03
9.299999999999997e+00	8.728581e-01	8.427142e-03
9.400000000000006e+00	8.781754e-01	8.521825e-03
9.500000000000000e+00	8.834866e-01	8.616514e-03
9.600000000000009e+00	8.887920e-01	8.711208e-03
9.700000000000003e+00	8.940915e-01	8.805908e-03
9.799999999999997e+00	8.993854e-01	8.900614e-03
9.900000000000006e+00	9.046738e-01	8.995326e-03
1.000000000000000e+01	9.099567e-01	9.090044e-03
